ho monitorato dal giorno : 2019-09-11 16:31:22
al giorno : 2019-09-19 09:35:23

nodi connessi invariati: lancio    percentuale      numero-peer-connessi 
###################################################################### 
  1   1.000000 %   24
  2   1.000000 %   24
  3   1.000000 %   24
  4   1.000000 %   24
  5   0.958333 %   24
  6   0.958333 %   23
  7   0.958333 %   23
  8   0.958333 %   24
  9   0.958333 %   24
  10   0.958333 %   24
  11   0.958333 %   24
  12   0.958333 %   23
  13   0.958333 %   23
  14   0.958333 %   24
  15   0.958333 %   23
  16   0.958333 %   23
  17   0.958333 %   24
  18   0.958333 %   24
  19   0.958333 %   24
  20   0.958333 %   24
  21   0.958333 %   24
  22   0.958333 %   24
  23   0.958333 %   24
  24   0.958333 %   24
  25   0.958333 %   24
  26   0.958333 %   23
  27   0.958333 %   24
  28   0.958333 %   24
  29   0.958333 %   23
  30   0.916667 %   23
  31   0.916667 %   24
  32   0.916667 %   23
  33   0.916667 %   23
  34   0.916667 %   24
  35   0.916667 %   23
  36   0.916667 %   23
  37   0.916667 %   23
  38   0.916667 %   24
  39   0.916667 %   24
  40   0.916667 %   23
  41   0.916667 %   23
  42   0.916667 %   23
  43   0.916667 %   23
  44   0.916667 %   24
  45   0.916667 %   24
  46   0.916667 %   24
  47   0.916667 %   24
  48   0.916667 %   24
  49   0.916667 %   24
  50   0.916667 %   24
  51   0.916667 %   24
  52   0.916667 %   24
  53   0.916667 %   24
  54   0.916667 %   24
  55   0.916667 %   24
  56   0.916667 %   24
  57   0.916667 %   24
  58   0.916667 %   24
  59   0.916667 %   24
  60   0.916667 %   24
  61   0.916667 %   24
  62   0.916667 %   24
  63   0.916667 %   24
  64   0.875000 %   24
  65   0.875000 %   24
  66   0.875000 %   24
  67   0.875000 %   24
  68   0.875000 %   24
  69   0.875000 %   24
  70   0.875000 %   24
  71   0.875000 %   24
  72   0.875000 %   24
  73   0.875000 %   24
  74   0.875000 %   24
  75   0.875000 %   24
  76   0.875000 %   24
  77   0.875000 %   24
  78   0.875000 %   24
  79   0.875000 %   24
  80   0.875000 %   24
  81   0.875000 %   24
  82   0.875000 %   24
  83   0.875000 %   24
  84   0.875000 %   24
  85   0.875000 %   24
  86   0.875000 %   24
  87   0.875000 %   24
  88   0.875000 %   24
  89   0.875000 %   24
  90   0.875000 %   24
  91   0.875000 %   24
  92   0.875000 %   24
  93   0.875000 %   24
  94   0.875000 %   24
  95   0.875000 %   24
  96   0.875000 %   24
  97   0.875000 %   24
  98   0.875000 %   24
  99   0.875000 %   24
  100   0.875000 %   24
  101   0.875000 %   24
  102   0.875000 %   24
  103   0.875000 %   24
  104   0.875000 %   24
  105   0.875000 %   24
  106   0.875000 %   24
  107   0.875000 %   24
  108   0.875000 %   24
  109   0.875000 %   24
  110   0.833333 %   24
  111   0.833333 %   24
  112   0.833333 %   24
  113   0.833333 %   24
  114   0.833333 %   24
  115   0.833333 %   24
  116   0.833333 %   24
  117   0.833333 %   24
  118   0.833333 %   24
  119   0.833333 %   24
  120   0.833333 %   24
  121   0.833333 %   24
  122   0.791667 %   24
  123   0.833333 %   24
  124   0.833333 %   24
  125   0.833333 %   24
  126   0.833333 %   24
  127   0.833333 %   24
  128   0.833333 %   24
  129   0.833333 %   24
  130   0.833333 %   24
  131   0.833333 %   24
  132   0.833333 %   24
  133   0.833333 %   24
  134   0.833333 %   24
  135   0.833333 %   24
  136   0.833333 %   24
  137   0.833333 %   24
  138   0.833333 %   24
  139   0.833333 %   24
  140   0.833333 %   24
  141   0.833333 %   24
  142   0.833333 %   24
  143   0.833333 %   24
  144   0.833333 %   24
  145   0.833333 %   24
  146   0.833333 %   24
  147   0.833333 %   24
  148   0.833333 %   24
  149   0.833333 %   24
  150   0.833333 %   24
  151   0.791667 %   23
  152   0.833333 %   24
  153   0.833333 %   24
  154   0.833333 %   24
  155   0.833333 %   24
  156   0.833333 %   24
  157   0.833333 %   24
  158   0.833333 %   24
  159   0.833333 %   24
  160   0.833333 %   24
  161   0.833333 %   24
  162   0.833333 %   24
  163   0.833333 %   24
  164   0.833333 %   24
  165   0.833333 %   24
  166   0.833333 %   24
  167   0.833333 %   24
  168   0.833333 %   24
  169   0.833333 %   24
  170   0.833333 %   24
  171   0.833333 %   24
  172   0.833333 %   24
  173   0.833333 %   24
  174   0.833333 %   24
  175   0.833333 %   24
  176   0.833333 %   24
  177   0.833333 %   24
  178   0.833333 %   24
  179   0.833333 %   24
  180   0.833333 %   24
  181   0.833333 %   24
  182   0.833333 %   24
  183   0.833333 %   24
  184   0.833333 %   24
  185   0.833333 %   24
  186   0.833333 %   24
  187   0.833333 %   24
  188   0.833333 %   24
  189   0.833333 %   24
  190   0.833333 %   24
  191   0.833333 %   24
  192   0.833333 %   24
  193   0.833333 %   24
  194   0.833333 %   24
  195   0.833333 %   24
  196   0.833333 %   24
  197   0.833333 %   24
  198   0.833333 %   24
  199   0.833333 %   24
  200   0.833333 %   24
  201   0.833333 %   24
  202   0.833333 %   24
  203   0.833333 %   24
  204   0.833333 %   24
  205   0.833333 %   24
  206   0.833333 %   24
  207   0.833333 %   24
  208   0.791667 %   24
  209   0.791667 %   24
  210   0.833333 %   24
  211   0.833333 %   24
  212   0.833333 %   24
  213   0.833333 %   24
  214   0.791667 %   24
  215   0.833333 %   24
  216   0.833333 %   24
  217   0.833333 %   24
  218   0.833333 %   24
  219   0.833333 %   24
  220   0.833333 %   24
  221   0.833333 %   24
  222   0.833333 %   24
  223   0.833333 %   24
  224   0.833333 %   24
  225   0.833333 %   24
  226   0.833333 %   24
  227   0.833333 %   24
  228   0.833333 %   24
  229   0.833333 %   24
  230   0.833333 %   24
  231   0.833333 %   24
  232   0.833333 %   24
  233   0.833333 %   24
  234   0.833333 %   24
  235   0.833333 %   24
  236   0.791667 %   23
  237   0.833333 %   24
  238   0.833333 %   24
  239   0.833333 %   24
  240   0.833333 %   24
  241   0.833333 %   24
  242   0.833333 %   24
  243   0.833333 %   24
  244   0.833333 %   24
  245   0.833333 %   24
  246   0.833333 %   24
  247   0.833333 %   24
  248   0.833333 %   24
  249   0.833333 %   24
  250   0.833333 %   24
  251   0.833333 %   24
  252   0.833333 %   24
  253   0.833333 %   24
  254   0.833333 %   24
  255   0.833333 %   24
  256   0.833333 %   24
  257   0.833333 %   24
  258   0.833333 %   24
  259   0.833333 %   24
  260   0.833333 %   24
  261   0.833333 %   24
  262   0.833333 %   24
  263   0.833333 %   24
  264   0.833333 %   24
  265   0.833333 %   24
  266   0.833333 %   24
  267   0.833333 %   24
  268   0.833333 %   24
  269   0.833333 %   24
  270   0.833333 %   24
  271   0.833333 %   24
  272   0.833333 %   24
  273   0.833333 %   24
  274   0.833333 %   24
  275   0.833333 %   24
  276   0.833333 %   24
  277   0.833333 %   24
  278   0.833333 %   24
  279   0.833333 %   24
  280   0.833333 %   24
  281   0.833333 %   24
  282   0.833333 %   24
  283   0.833333 %   24
  284   0.833333 %   24
  285   0.833333 %   24
  286   0.833333 %   24
  287   0.833333 %   24
  288   0.833333 %   24
  289   0.833333 %   24
  290   0.833333 %   24
  291   0.833333 %   24
  292   0.833333 %   24
  293   0.833333 %   24
  294   0.833333 %   24
  295   0.833333 %   24
  296   0.833333 %   24
  297   0.833333 %   24
  298   0.833333 %   24
  299   0.833333 %   24
  300   0.833333 %   24
  301   0.833333 %   24
  302   0.833333 %   24
  303   0.833333 %   24
  304   0.833333 %   24
  305   0.833333 %   24
  306   0.833333 %   24
  307   0.833333 %   24
  308   0.833333 %   24
  309   0.833333 %   24
  310   0.833333 %   24
  311   0.833333 %   24
  312   0.833333 %   24
  313   0.833333 %   24
  314   0.833333 %   24
  315   0.833333 %   24
  316   0.791667 %   24
  317   0.833333 %   24
  318   0.833333 %   24
  319   0.833333 %   24
  320   0.833333 %   24
  321   0.833333 %   24
  322   0.833333 %   24
  323   0.833333 %   24
  324   0.833333 %   24
  325   0.833333 %   24
  326   0.833333 %   24
  327   0.833333 %   24
  328   0.833333 %   24
  329   0.833333 %   24
  330   0.833333 %   24
  331   0.833333 %   24
  332   0.833333 %   24
  333   0.833333 %   24
  334   0.833333 %   24
  335   0.833333 %   24
  336   0.833333 %   24
  337   0.833333 %   24
  338   0.833333 %   24
  339   0.833333 %   24
  340   0.833333 %   24
  341   0.833333 %   24
  342   0.833333 %   24
  343   0.833333 %   24
  344   0.833333 %   24
  345   0.833333 %   24
  346   0.833333 %   24
  347   0.833333 %   24
  348   0.833333 %   24
  349   0.833333 %   23
  350   0.875000 %   24
  351   0.875000 %   24
  352   0.833333 %   24
  353   0.875000 %   24
  354   0.833333 %   24
  355   0.833333 %   24
  356   0.833333 %   24
  357   0.833333 %   24
  358   0.833333 %   24
  359   0.833333 %   24
  360   0.833333 %   24
  361   0.833333 %   24
  362   0.833333 %   24
  363   0.833333 %   24
  364   0.833333 %   24
  365   0.875000 %   24
  366   0.833333 %   24
  367   0.833333 %   24
  368   0.833333 %   24
  369   0.833333 %   24
  370   0.833333 %   24
  371   0.833333 %   24
  372   0.833333 %   24
  373   0.833333 %   24
  374   0.833333 %   24
  375   0.833333 %   24
  376   0.875000 %   24
  377   0.833333 %   24
  378   0.833333 %   24
  379   0.833333 %   24
  380   0.791667 %   24
  381   0.791667 %   24
  382   0.791667 %   24
  383   0.791667 %   24
  384   0.791667 %   24
  385   0.791667 %   24
  386   0.791667 %   24
  387   0.791667 %   24
  388   0.791667 %   24
  389   0.791667 %   24
  390   0.791667 %   24
  391   0.791667 %   24
  392   0.791667 %   24
  393   0.791667 %   24
  394   0.791667 %   24
  395   0.791667 %   24
  396   0.791667 %   24
  397   0.791667 %   24
  398   0.791667 %   24
  399   0.791667 %   24
  400   0.791667 %   24
  401   0.791667 %   24
  402   0.791667 %   24
  403   0.791667 %   24
  404   0.750000 %   24
  405   0.791667 %   24
  406   0.791667 %   24
  407   0.791667 %   24
  408   0.791667 %   24
  409   0.791667 %   24
  410   0.791667 %   24
  411   0.791667 %   24
  412   0.791667 %   24
  413   0.791667 %   24
  414   0.791667 %   24
  415   0.791667 %   24
  416   0.791667 %   24
  417   0.791667 %   24
  418   0.791667 %   24
  419   0.791667 %   24
  420   0.791667 %   24
  421   0.791667 %   24
  422   0.791667 %   24
  423   0.791667 %   24
  424   0.791667 %   24
  425   0.791667 %   24
  426   0.791667 %   24
  427   0.791667 %   24
  428   0.791667 %   24
  429   0.791667 %   24
  430   0.791667 %   24
  431   0.750000 %   24
  432   0.750000 %   24
  433   0.750000 %   24
  434   0.750000 %   24
  435   0.791667 %   24
  436   0.791667 %   24
  437   0.791667 %   24
  438   0.791667 %   24
  439   0.750000 %   24
  440   0.750000 %   24
  441   0.750000 %   24
  442   0.750000 %   24
  443   0.750000 %   24
  444   0.750000 %   24
  445   0.750000 %   24
  446   0.708333 %   24
  447   0.708333 %   24
  448   0.708333 %   24
  449   0.708333 %   24
  450   0.708333 %   24
  451   0.750000 %   24
  452   0.750000 %   24
  453   0.750000 %   24
  454   0.750000 %   24
  455   0.750000 %   24
  456   0.750000 %   24
  457   0.708333 %   24
  458   0.708333 %   24
  459   0.708333 %   24
  460   0.708333 %   24
  461   0.708333 %   24
  462   0.708333 %   24
  463   0.708333 %   24
  464   0.708333 %   24
  465   0.708333 %   24
  466   0.708333 %   24
  467   0.708333 %   24
  468   0.750000 %   24
  469   0.750000 %   24
  470   0.750000 %   24
  471   0.708333 %   24
  472   0.708333 %   24
  473   0.708333 %   24
  474   0.708333 %   24
  475   0.708333 %   24
  476   0.708333 %   24
  477   0.708333 %   24
  478   0.708333 %   24
  479   0.708333 %   24
  480   0.708333 %   24
  481   0.708333 %   24
  482   0.708333 %   24
  483   0.708333 %   24
  484   0.708333 %   24
  485   0.708333 %   24
  486   0.708333 %   24
  487   0.708333 %   24
  488   0.708333 %   24
  489   0.708333 %   24
  490   0.708333 %   24
  491   0.708333 %   24
  492   0.708333 %   24
  493   0.708333 %   24
  494   0.708333 %   24
  495   0.708333 %   24
  496   0.708333 %   24
  497   0.708333 %   24
  498   0.708333 %   24
  499   0.708333 %   24
  500   0.708333 %   24
  501   0.708333 %   24
  502   0.708333 %   24
  503   0.708333 %   24
  504   0.708333 %   24
  505   0.708333 %   24
  506   0.708333 %   24
  507   0.708333 %   24
  508   0.708333 %   24
  509   0.708333 %   24
  510   0.708333 %   24
  511   0.708333 %   24
  512   0.708333 %   24
  513   0.708333 %   24
  514   0.708333 %   24
  515   0.708333 %   24
  516   0.708333 %   24
  517   0.708333 %   24
  518   0.708333 %   24
  519   0.750000 %   24
  520   0.750000 %   24
  521   0.750000 %   24
  522   0.708333 %   24
  523   0.708333 %   24
  524   0.708333 %   24
  525   0.708333 %   24
  526   0.708333 %   24
  527   0.708333 %   24
  528   0.708333 %   24
  529   0.708333 %   24
  530   0.708333 %   24
  531   0.708333 %   24
  532   0.708333 %   24
  533   0.708333 %   24
  534   0.708333 %   24
  535   0.708333 %   24
  536   0.708333 %   24
  537   0.708333 %   24
  538   0.708333 %   24
  539   0.708333 %   24
  540   0.708333 %   24
  541   0.708333 %   24
  542   0.708333 %   24
  543   0.708333 %   24
  544   0.708333 %   24
  545   0.708333 %   24
  546   0.708333 %   24
  547   0.708333 %   24
  548   0.708333 %   24
  549   0.708333 %   24
  550   0.708333 %   24
  551   0.708333 %   24
  552   0.708333 %   24
  553   0.708333 %   24
  554   0.708333 %   24
  555   0.708333 %   24
  556   0.708333 %   24
  557   0.708333 %   24
  558   0.708333 %   24
  559   0.708333 %   24
  560   0.750000 %   23
  561   0.750000 %   24
  562   0.750000 %   24
  563   0.750000 %   24
  564   0.708333 %   24
  565   0.708333 %   24
  566   0.708333 %   24
  567   0.708333 %   24
  568   0.708333 %   24
  569   0.708333 %   24
  570   0.750000 %   24
  571   0.750000 %   24
  572   0.750000 %   24
  573   0.708333 %   24
  574   0.708333 %   24
  575   0.708333 %   24
  576   0.708333 %   24
  577   0.708333 %   24
  578   0.708333 %   24
  579   0.750000 %   23
  580   0.750000 %   24
  581   0.750000 %   24
  582   0.708333 %   24
  583   0.750000 %   24
  584   0.750000 %   24
  585   0.750000 %   24
  586   0.708333 %   24
  587   0.708333 %   24
  588   0.708333 %   24
  589   0.708333 %   24
  590   0.708333 %   24
  591   0.708333 %   24
  592   0.708333 %   24
  593   0.708333 %   24
  594   0.708333 %   24
  595   0.708333 %   24
  596   0.708333 %   24
  597   0.750000 %   24
  598   0.708333 %   24
  599   0.708333 %   24
  600   0.708333 %   24
  601   0.708333 %   24
  602   0.708333 %   24
  603   0.708333 %   24
  604   0.708333 %   24
  605   0.708333 %   24
  606   0.708333 %   24
  607   0.708333 %   24
  608   0.708333 %   24
  609   0.708333 %   24
  610   0.708333 %   24
  611   0.708333 %   24
  612   0.708333 %   24
  613   0.708333 %   24
  614   0.708333 %   24
  615   0.708333 %   24
  616   0.708333 %   24
  617   0.791667 %   24
  618   0.791667 %   24
  619   0.791667 %   24
  620   0.750000 %   24
  621   0.750000 %   24
  622   0.750000 %   24
  623   0.750000 %   24
  624   0.750000 %   24
  625   0.750000 %   24
  626   0.791667 %   24
  627   0.750000 %   24
  628   0.750000 %   24
  629   0.750000 %   24
  630   0.750000 %   24
  631   0.750000 %   24
  632   0.750000 %   24
  633   0.750000 %   24
  634   0.750000 %   24
  635   0.750000 %   24
  636   0.750000 %   24
  637   0.750000 %   24
  638   0.750000 %   24
  639   0.750000 %   24
  640   0.750000 %   24
  641   0.750000 %   24
  642   0.750000 %   24
  643   0.750000 %   24
  644   0.750000 %   24
  645   0.750000 %   24
  646   0.750000 %   24
  647   0.791667 %   24
  648   0.791667 %   24
  649   0.791667 %   24
  650   0.791667 %   24
  651   0.791667 %   24
  652   0.791667 %   24
  653   0.791667 %   24
  654   0.791667 %   24
  655   0.791667 %   24
  656   0.791667 %   24
  657   0.791667 %   24
  658   0.791667 %   24
  659   0.791667 %   24
  660   0.791667 %   24
  661   0.833333 %   24
  662   0.791667 %   23
  663   0.791667 %   23
  664   0.791667 %   23
  665   0.750000 %   24
  666   0.750000 %   24
  667   0.791667 %   24
  668   0.791667 %   24
  669   0.791667 %   24
  670   0.791667 %   24
  671   0.791667 %   24
  672   0.791667 %   24
  673   0.791667 %   24
  674   0.791667 %   24
  675   0.791667 %   24
  676   0.791667 %   24
  677   0.791667 %   24
  678   0.791667 %   24
  679   0.791667 %   24
  680   0.791667 %   24
  681   0.791667 %   24
  682   0.791667 %   24
  683   0.791667 %   24
  684   0.791667 %   24
  685   0.791667 %   24
  686   0.791667 %   24
  687   0.791667 %   24
  688   0.791667 %   24
  689   0.791667 %   24
  690   0.750000 %   24
  691   0.750000 %   24
  692   0.750000 %   24
  693   0.750000 %   24
  694   0.750000 %   24
  695   0.750000 %   24
  696   0.750000 %   24
  697   0.750000 %   24
  698   0.750000 %   24
  699   0.750000 %   24
  700   0.750000 %   24
  701   0.750000 %   24
  702   0.750000 %   24
  703   0.750000 %   24
  704   0.750000 %   24
  705   0.750000 %   24
  706   0.750000 %   24
  707   0.750000 %   24
  708   0.750000 %   24
  709   0.750000 %   24
  710   0.750000 %   24
  711   0.750000 %   24
  712   0.750000 %   24
  713   0.750000 %   24
  714   0.750000 %   24
  715   0.750000 %   24
  716   0.750000 %   24
  717   0.750000 %   24
  718   0.750000 %   24
  719   0.750000 %   24
  720   0.750000 %   24
  721   0.750000 %   24
  722   0.750000 %   24
  723   0.750000 %   24
  724   0.750000 %   24
  725   0.750000 %   24
  726   0.750000 %   24
  727   0.750000 %   24
  728   0.750000 %   24
  729   0.750000 %   24
  730   0.750000 %   24
  731   0.750000 %   24
  732   0.750000 %   24
  733   0.750000 %   24
  734   0.750000 %   24
  735   0.750000 %   24
  736   0.750000 %   24
  737   0.750000 %   24
  738   0.750000 %   24
  739   0.750000 %   24
  740   0.750000 %   24
  741   0.750000 %   24
  742   0.750000 %   24
  743   0.750000 %   24
  744   0.750000 %   24
  745   0.750000 %   24
  746   0.750000 %   24
  747   0.750000 %   24
  748   0.750000 %   24
  749   0.750000 %   24
  750   0.750000 %   24
  751   0.750000 %   24
  752   0.750000 %   24
  753   0.750000 %   24
  754   0.750000 %   24
  755   0.750000 %   24
  756   0.750000 %   24
  757   0.750000 %   24
  758   0.750000 %   24
  759   0.750000 %   24
  760   0.750000 %   24
  761   0.750000 %   24
  762   0.750000 %   24
  763   0.750000 %   24
  764   0.750000 %   24
  765   0.750000 %   24
  766   0.750000 %   24
  767   0.750000 %   24
  768   0.750000 %   24
  769   0.750000 %   24
  770   0.750000 %   24
  771   0.750000 %   24
  772   0.750000 %   24
  773   0.750000 %   24
  774   0.750000 %   24
  775   0.750000 %   24
  776   0.750000 %   24
  777   0.750000 %   24
  778   0.750000 %   24
  779   0.750000 %   24
  780   0.750000 %   24
  781   0.750000 %   24
  782   0.750000 %   24
  783   0.791667 %   24
  784   0.791667 %   24
  785   0.791667 %   24
  786   0.750000 %   24
  787   0.750000 %   24
  788   0.750000 %   24
  789   0.750000 %   24
  790   0.750000 %   24
  791   0.750000 %   24
  792   0.750000 %   24
  793   0.750000 %   24
  794   0.750000 %   24
  795   0.750000 %   24
  796   0.750000 %   24
  797   0.750000 %   24
  798   0.750000 %   24
  799   0.750000 %   24
  800   0.750000 %   24
  801   0.750000 %   24
  802   0.750000 %   24
  803   0.750000 %   24
  804   0.750000 %   24
  805   0.750000 %   24
  806   0.750000 %   24
  807   0.750000 %   24
  808   0.750000 %   24
  809   0.750000 %   24
  810   0.750000 %   24
  811   0.750000 %   24
  812   0.750000 %   24
  813   0.750000 %   24
  814   0.791667 %   24
  815   0.791667 %   24
  816   0.791667 %   24
  817   0.750000 %   24
  818   0.750000 %   24
  819   0.750000 %   24
  820   0.750000 %   24
  821   0.791667 %   24
  822   0.791667 %   24
  823   0.791667 %   24
  824   0.791667 %   24
  825   0.791667 %   24
  826   0.791667 %   24
  827   0.750000 %   24
  828   0.750000 %   24
  829   0.750000 %   24
  830   0.750000 %   24
  831   0.750000 %   24
  832   0.750000 %   24
  833   0.750000 %   24
  834   0.750000 %   24
  835   0.750000 %   24
  836   0.750000 %   24
  837   0.750000 %   24
  838   0.750000 %   24
  839   0.750000 %   24
  840   0.750000 %   24
  841   0.750000 %   24
  842   0.750000 %   24
  843   0.750000 %   24
  844   0.750000 %   24
  845   0.750000 %   24
  846   0.750000 %   24
  847   0.750000 %   24
  848   0.750000 %   24
  849   0.750000 %   24
  850   0.750000 %   24
  851   0.791667 %   24
  852   0.791667 %   24
  853   0.791667 %   24
  854   0.791667 %   24
  855   0.791667 %   24
  856   0.791667 %   24
  857   0.791667 %   24
  858   0.750000 %   24
  859   0.750000 %   24
  860   0.791667 %   24
  861   0.791667 %   24
  862   0.791667 %   23
  863   0.791667 %   24
  864   0.791667 %   24
  865   0.750000 %   24
  866   0.750000 %   24
  867   0.750000 %   24
  868   0.750000 %   24
  869   0.750000 %   24
  870   0.750000 %   24
  871   0.750000 %   24
  872   0.791667 %   24
  873   0.791667 %   24
  874   0.791667 %   24
  875   0.750000 %   24
  876   0.750000 %   24
  877   0.750000 %   24
  878   0.750000 %   24
  879   0.750000 %   24
  880   0.750000 %   24
  881   0.750000 %   24
  882   0.750000 %   24
  883   0.750000 %   24
  884   0.791667 %   23
  885   0.791667 %   24
  886   0.791667 %   24
  887   0.750000 %   24
  888   0.750000 %   24
  889   0.750000 %   24
  890   0.750000 %   24
  891   0.750000 %   24
  892   0.750000 %   24
  893   0.750000 %   24
  894   0.750000 %   24
  895   0.750000 %   24
  896   0.750000 %   24
  897   0.791667 %   24
  898   0.791667 %   24
  899   0.791667 %   24
  900   0.791667 %   24
  901   0.791667 %   24
  902   0.791667 %   24
  903   0.791667 %   24
  904   0.791667 %   24
  905   0.791667 %   24
  906   0.791667 %   24
  907   0.791667 %   24
  908   0.791667 %   24
  909   0.791667 %   24
  910   0.791667 %   24
  911   0.791667 %   24
  912   0.791667 %   24
  913   0.791667 %   24
  914   0.791667 %   24
  915   0.791667 %   24
  916   0.750000 %   24
  917   0.750000 %   24
  918   0.750000 %   24
  919   0.750000 %   24
  920   0.750000 %   24
  921   0.750000 %   24
  922   0.750000 %   24
  923   0.750000 %   24
  924   0.750000 %   24
  925   0.750000 %   24
  926   0.750000 %   24
  927   0.750000 %   24
  928   0.750000 %   24
  929   0.750000 %   24
  930   0.750000 %   24
  931   0.750000 %   24
  932   0.750000 %   24
  933   0.750000 %   24
  934   0.750000 %   24
  935   0.750000 %   24
  936   0.750000 %   24
  937   0.750000 %   24
  938   0.750000 %   24
  939   0.750000 %   24
  940   0.791667 %   24
  941   0.791667 %   24
  942   0.791667 %   24
  943   0.750000 %   24
  944   0.750000 %   24
  945   0.750000 %   24
  946   0.750000 %   24
  947   0.750000 %   24
  948   0.750000 %   24
  949   0.750000 %   24
  950   0.750000 %   24
  951   0.750000 %   24
  952   0.750000 %   24
  953   0.750000 %   24
  954   0.750000 %   24
  955   0.791667 %   24
  956   0.791667 %   24
  957   0.791667 %   24
  958   0.750000 %   24
  959   0.750000 %   24
  960   0.791667 %   24
  961   0.791667 %   24
  962   0.791667 %   24
  963   0.750000 %   24
  964   0.750000 %   24
  965   0.750000 %   24
  966   0.750000 %   24
  967   0.750000 %   24
  968   0.750000 %   24
  969   0.750000 %   24
  970   0.750000 %   24
  971   0.791667 %   24
  972   0.791667 %   24
  973   0.791667 %   24
  974   0.791667 %   24
  975   0.791667 %   24
  976   0.791667 %   24
  977   0.750000 %   24
  978   0.750000 %   24
  979   0.750000 %   24
  980   0.750000 %   24
  981   0.750000 %   24
  982   0.750000 %   24
  983   0.750000 %   24
  984   0.791667 %   24
  985   0.791667 %   24
  986   0.791667 %   24
  987   0.750000 %   24
  988   0.750000 %   24
  989   0.750000 %   24
  990   0.791667 %   24
  991   0.791667 %   24
  992   0.791667 %   24
  993   0.750000 %   24
  994   0.750000 %   24
  995   0.791667 %   24
  996   0.791667 %   24
  997   0.791667 %   24
  998   0.750000 %   24
  999   0.750000 %   24
  1000   0.750000 %   24
  1001   0.750000 %   24
  1002   0.750000 %   24
  1003   0.750000 %   24
  1004   0.750000 %   24
  1005   0.750000 %   24
  1006   0.750000 %   24
  1007   0.750000 %   24
  1008   0.750000 %   24
  1009   0.750000 %   24
  1010   0.750000 %   24
  1011   0.750000 %   24
  1012   0.750000 %   24
  1013   0.750000 %   24
  1014   0.750000 %   24
  1015   0.750000 %   24
  1016   0.750000 %   24
  1017   0.750000 %   24
  1018   0.750000 %   24
  1019   0.750000 %   24
  1020   0.750000 %   24
  1021   0.750000 %   24
  1022   0.750000 %   24
  1023   0.750000 %   24
  1024   0.750000 %   24
  1025   0.750000 %   24
  1026   0.791667 %   24
  1027   0.791667 %   24
  1028   0.791667 %   24
  1029   0.750000 %   24
  1030   0.750000 %   24
  1031   0.750000 %   24
  1032   0.750000 %   24
  1033   0.750000 %   24
  1034   0.750000 %   24
  1035   0.750000 %   24
  1036   0.750000 %   24
  1037   0.750000 %   24
  1038   0.750000 %   24
  1039   0.750000 %   24
  1040   0.750000 %   24
  1041   0.750000 %   24
  1042   0.750000 %   24
  1043   0.750000 %   24
  1044   0.750000 %   24
  1045   0.750000 %   24
  1046   0.750000 %   24
  1047   0.750000 %   24
  1048   0.750000 %   24
  1049   0.750000 %   24
  1050   0.750000 %   24
  1051   0.750000 %   24
  1052   0.750000 %   24
  1053   0.750000 %   24
  1054   0.750000 %   24
  1055   0.750000 %   24
  1056   0.750000 %   24
  1057   0.750000 %   24
  1058   0.750000 %   24
  1059   0.750000 %   24
  1060   0.791667 %   24
  1061   0.791667 %   24
  1062   0.791667 %   24
  1063   0.791667 %   24
  1064   0.791667 %   24
  1065   0.791667 %   24
  1066   0.791667 %   24
  1067   0.750000 %   24
  1068   0.750000 %   24
  1069   0.750000 %   24
  1070   0.750000 %   24
  1071   0.750000 %   24
  1072   0.791667 %   24
  1073   0.791667 %   24
  1074   0.791667 %   24
  1075   0.791667 %   24
  1076   0.791667 %   24
  1077   0.791667 %   24
  1078   0.750000 %   24
  1079   0.791667 %   24
  1080   0.791667 %   24
  1081   0.791667 %   24
  1082   0.750000 %   24
  1083   0.750000 %   24
  1084   0.750000 %   24
  1085   0.750000 %   24
  1086   0.750000 %   24
  1087   0.750000 %   24
  1088   0.750000 %   24
  1089   0.791667 %   24
  1090   0.791667 %   24
  1091   0.791667 %   24
  1092   0.750000 %   24
  1093   0.750000 %   24
  1094   0.750000 %   24
  1095   0.750000 %   24
  1096   0.750000 %   24
  1097   0.791667 %   24
  1098   0.791667 %   24
  1099   0.791667 %   24
  1100   0.791667 %   24
  1101   0.791667 %   24
  1102   0.791667 %   24
  1103   0.791667 %   24
  1104   0.791667 %   24
  1105   0.791667 %   24
  1106   0.791667 %   24
  1107   0.791667 %   24
  1108   0.750000 %   24
  1109   0.750000 %   24
  1110   0.750000 %   24
  1111   0.750000 %   24
  1112   0.750000 %   24
  1113   0.791667 %   24
  1114   0.791667 %   24
  1115   0.791667 %   24
  1116   0.791667 %   24
  1117   0.791667 %   24
  1118   0.791667 %   24
  1119   0.750000 %   23
  1120   0.791667 %   24
  1121   0.791667 %   24
  1122   0.791667 %   24
  1123   0.791667 %   24
  1124   0.791667 %   24
  1125   0.791667 %   24
  1126   0.791667 %   24
  1127   0.791667 %   24
  1128   0.750000 %   24
  1129   0.750000 %   24
  1130   0.750000 %   24
  1131   0.750000 %   24
  1132   0.750000 %   24
  1133   0.750000 %   24
  1134   0.750000 %   24
  1135   0.750000 %   24
  1136   0.750000 %   24
  1137   0.750000 %   24
  1138   0.750000 %   24
  1139   0.750000 %   24
  1140   0.791667 %   24
  1141   0.791667 %   24
  1142   0.791667 %   24
  1143   0.750000 %   24
  1144   0.750000 %   24
  1145   0.750000 %   24
  1146   0.750000 %   24
  1147   0.750000 %   24
  1148   0.750000 %   24
  1149   0.750000 %   24
  1150   0.750000 %   24
  1151   0.750000 %   24
  1152   0.750000 %   24
  1153   0.750000 %   24
  1154   0.750000 %   24
  1155   0.750000 %   24
  1156   0.750000 %   24
  1157   0.750000 %   24
  1158   0.750000 %   24
  1159   0.750000 %   24
  1160   0.750000 %   24
  1161   0.750000 %   24
  1162   0.750000 %   24
  1163   0.750000 %   24
  1164   0.750000 %   24
  1165   0.750000 %   24
  1166   0.750000 %   24
  1167   0.750000 %   24
  1168   0.750000 %   24
  1169   0.750000 %   24
  1170   0.750000 %   24
  1171   0.750000 %   24
  1172   0.750000 %   24
  1173   0.750000 %   24
  1174   0.750000 %   24
  1175   0.750000 %   24
  1176   0.750000 %   24
  1177   0.750000 %   24
  1178   0.750000 %   24
  1179   0.750000 %   24
  1180   0.791667 %   24
  1181   0.791667 %   24
  1182   0.791667 %   24
  1183   0.750000 %   24
  1184   0.750000 %   24
  1185   0.750000 %   24
  1186   0.750000 %   24
  1187   0.750000 %   24
  1188   0.750000 %   24
  1189   0.750000 %   24
  1190   0.750000 %   24
  1191   0.750000 %   24
  1192   0.750000 %   24
  1193   0.750000 %   24
  1194   0.750000 %   24
  1195   0.791667 %   23
  1196   0.791667 %   24
  1197   0.791667 %   24
  1198   0.750000 %   24
  1199   0.750000 %   24
  1200   0.750000 %   24
  1201   0.750000 %   24
  1202   0.750000 %   24
  1203   0.791667 %   24
  1204   0.791667 %   24
  1205   0.791667 %   24
  1206   0.750000 %   24
  1207   0.750000 %   24
  1208   0.750000 %   24
  1209   0.750000 %   24
  1210   0.750000 %   24
  1211   0.750000 %   24
  1212   0.750000 %   24
  1213   0.750000 %   24
  1214   0.750000 %   24
  1215   0.750000 %   24
  1216   0.750000 %   24
  1217   0.750000 %   24
  1218   0.750000 %   24
  1219   0.750000 %   24
  1220   0.750000 %   24
  1221   0.750000 %   24
  1222   0.750000 %   24
  1223   0.750000 %   24
  1224   0.750000 %   24
  1225   0.750000 %   24
  1226   0.750000 %   24
  1227   0.750000 %   24
  1228   0.750000 %   24
  1229   0.750000 %   24
  1230   0.750000 %   24
  1231   0.791667 %   24
  1232   0.791667 %   24
  1233   0.791667 %   24
  1234   0.750000 %   24
  1235   0.750000 %   24
  1236   0.791667 %   24
  1237   0.791667 %   24
  1238   0.791667 %   24
  1239   0.750000 %   24
  1240   0.750000 %   24
  1241   0.750000 %   24
  1242   0.750000 %   24
  1243   0.750000 %   24
  1244   0.750000 %   24
  1245   0.750000 %   24
  1246   0.791667 %   24
  1247   0.791667 %   24
  1248   0.791667 %   24
  1249   0.750000 %   24
  1250   0.750000 %   24
  1251   0.750000 %   24
  1252   0.750000 %   24
  1253   0.750000 %   24
  1254   0.750000 %   24
  1255   0.750000 %   24
  1256   0.750000 %   24
  1257   0.750000 %   24
  1258   0.750000 %   24
  1259   0.750000 %   24
  1260   0.750000 %   24
  1261   0.750000 %   24
  1262   0.750000 %   24
  1263   0.750000 %   24
  1264   0.750000 %   24
  1265   0.750000 %   24
  1266   0.750000 %   24
  1267   0.750000 %   24
  1268   0.750000 %   24
  1269   0.791667 %   24
  1270   0.791667 %   24
  1271   0.791667 %   24
  1272   0.791667 %   24
  1273   0.791667 %   24
  1274   0.791667 %   24
  1275   0.750000 %   24
  1276   0.750000 %   24
  1277   0.750000 %   24
  1278   0.791667 %   24
  1279   0.791667 %   24
  1280   0.791667 %   24
  1281   0.750000 %   24
  1282   0.750000 %   24
  1283   0.750000 %   24
  1284   0.750000 %   24
  1285   0.750000 %   24
  1286   0.791667 %   24
  1287   0.791667 %   24
  1288   0.791667 %   24
  1289   0.791667 %   24
  1290   0.750000 %   24
  1291   0.750000 %   24
  1292   0.750000 %   24
  1293   0.791667 %   24
  1294   0.791667 %   24
  1295   0.791667 %   24
  1296   0.750000 %   24
  1297   0.750000 %   24
  1298   0.750000 %   24
  1299   0.750000 %   24
  1300   0.750000 %   24
  1301   0.750000 %   24
  1302   0.750000 %   24
  1303   0.750000 %   24
  1304   0.750000 %   24
  1305   0.750000 %   24
  1306   0.750000 %   24
  1307   0.750000 %   24
  1308   0.750000 %   24
  1309   0.750000 %   24
  1310   0.750000 %   24
  1311   0.750000 %   24
  1312   0.750000 %   24
  1313   0.791667 %   24
  1314   0.791667 %   24
  1315   0.791667 %   24
  1316   0.791667 %   24
  1317   0.791667 %   24
  1318   0.791667 %   24
  1319   0.791667 %   24
  1320   0.750000 %   24
  1321   0.750000 %   24
  1322   0.750000 %   24
  1323   0.750000 %   24
  1324   0.750000 %   24
  1325   0.750000 %   24
  1326   0.750000 %   24
  1327   0.750000 %   24
  1328   0.750000 %   24
  1329   0.750000 %   24
  1330   0.750000 %   24
  1331   0.750000 %   24
  1332   0.750000 %   24
  1333   0.750000 %   24
  1334   0.750000 %   24
  1335   0.750000 %   24
  1336   0.750000 %   24
  1337   0.750000 %   24
  1338   0.750000 %   24
  1339   0.750000 %   24
  1340   0.750000 %   24
  1341   0.750000 %   24
  1342   0.750000 %   24
  1343   0.750000 %   24
  1344   0.750000 %   24
  1345   0.750000 %   24
  1346   0.750000 %   24
  1347   0.750000 %   24
  1348   0.791667 %   24
  1349   0.791667 %   24
  1350   0.791667 %   24
  1351   0.791667 %   24
  1352   0.750000 %   24
  1353   0.750000 %   24
  1354   0.750000 %   24
  1355   0.750000 %   24
  1356   0.750000 %   24
  1357   0.750000 %   24
  1358   0.750000 %   24
  1359   0.791667 %   24
  1360   0.791667 %   24
  1361   0.791667 %   24
  1362   0.750000 %   24
  1363   0.750000 %   24
  1364   0.750000 %   24
  1365   0.750000 %   24
  1366   0.750000 %   24
  1367   0.750000 %   24
  1368   0.791667 %   24
  1369   0.791667 %   24
  1370   0.791667 %   24
  1371   0.750000 %   24
  1372   0.750000 %   24
  1373   0.750000 %   24
  1374   0.750000 %   24
  1375   0.750000 %   24
  1376   0.750000 %   24
  1377   0.750000 %   24
  1378   0.750000 %   24
  1379   0.750000 %   24
  1380   0.750000 %   24
  1381   0.750000 %   24
  1382   0.791667 %   24
  1383   0.750000 %   24
  1384   0.750000 %   24
  1385   0.750000 %   24
  1386   0.750000 %   24
  1387   0.750000 %   24
  1388   0.750000 %   24
  1389   0.750000 %   24
  1390   0.750000 %   24
  1391   0.750000 %   24
  1392   0.750000 %   24
  1393   0.750000 %   24
  1394   0.750000 %   24
  1395   0.750000 %   24
  1396   0.750000 %   24
  1397   0.750000 %   24
  1398   0.750000 %   24
  1399   0.750000 %   24
  1400   0.750000 %   24
  1401   0.750000 %   24
  1402   0.750000 %   24
  1403   0.750000 %   24
  1404   0.750000 %   24
  1405   0.750000 %   24
  1406   0.750000 %   24
  1407   0.750000 %   24
  1408   0.750000 %   24
  1409   0.750000 %   24
  1410   0.750000 %   24
  1411   0.750000 %   24
  1412   0.750000 %   24
  1413   0.750000 %   24
  1414   0.750000 %   24
  1415   0.750000 %   24
  1416   0.750000 %   24
  1417   0.750000 %   24
  1418   0.750000 %   24
  1419   0.750000 %   24
  1420   0.750000 %   24
  1421   0.750000 %   24
  1422   0.750000 %   24
  1423   0.750000 %   24
  1424   0.750000 %   24
  1425   0.791667 %   23
  1426   0.791667 %   24
  1427   0.791667 %   24
  1428   0.791667 %   24
  1429   0.791667 %   24
  1430   0.791667 %   24
  1431   0.791667 %   24
  1432   0.750000 %   24
  1433   0.750000 %   24
  1434   0.750000 %   24
  1435   0.750000 %   24
  1436   0.750000 %   24
  1437   0.750000 %   24
  1438   0.750000 %   24
  1439   0.750000 %   24
  1440   0.750000 %   24
  1441   0.750000 %   24
  1442   0.791667 %   24
  1443   0.791667 %   24
  1444   0.791667 %   24
  1445   0.791667 %   24
  1446   0.750000 %   24
  1447   0.750000 %   24
  1448   0.750000 %   24
  1449   0.750000 %   24
  1450   0.791667 %   24
  1451   0.791667 %   24
  1452   0.791667 %   24
  1453   0.750000 %   24
  1454   0.750000 %   24
  1455   0.750000 %   24
  1456   0.750000 %   24
  1457   0.750000 %   24
  1458   0.750000 %   24
  1459   0.750000 %   24
  1460   0.750000 %   24
  1461   0.750000 %   24
  1462   0.750000 %   24
  1463   0.750000 %   24
  1464   0.791667 %   24
  1465   0.791667 %   24
  1466   0.791667 %   24
  1467   0.750000 %   24
  1468   0.750000 %   24
  1469   0.791667 %   24
  1470   0.791667 %   24
  1471   0.750000 %   24
  1472   0.750000 %   24
  1473   0.750000 %   24
  1474   0.750000 %   24
  1475   0.750000 %   24
  1476   0.750000 %   24
  1477   0.750000 %   24
  1478   0.750000 %   24
  1479   0.750000 %   24
  1480   0.750000 %   24
  1481   0.750000 %   24
  1482   0.750000 %   24
  1483   0.750000 %   24
  1484   0.750000 %   24
  1485   0.750000 %   24
  1486   0.750000 %   24
  1487   0.750000 %   24
  1488   0.750000 %   24
  1489   0.708333 %   24
  1490   0.708333 %   24
  1491   0.708333 %   24
  1492   0.708333 %   24
  1493   0.750000 %   24
  1494   0.750000 %   24
  1495   0.750000 %   24
  1496   0.750000 %   24
  1497   0.708333 %   24
  1498   0.708333 %   24
  1499   0.708333 %   24
  1500   0.708333 %   24
  1501   0.708333 %   24
  1502   0.708333 %   24
  1503   0.708333 %   24
  1504   0.708333 %   24
  1505   0.708333 %   24
  1506   0.708333 %   24
  1507   0.708333 %   24
  1508   0.708333 %   24
  1509   0.708333 %   24
  1510   0.708333 %   24
  1511   0.708333 %   24
  1512   0.708333 %   24
  1513   0.708333 %   24
  1514   0.708333 %   24
  1515   0.708333 %   24
  1516   0.750000 %   24
  1517   0.750000 %   24
  1518   0.750000 %   24
  1519   0.708333 %   24
  1520   0.708333 %   24
  1521   0.708333 %   24
  1522   0.750000 %   23
  1523   0.750000 %   24
  1524   0.750000 %   24
  1525   0.708333 %   24
  1526   0.708333 %   24
  1527   0.708333 %   24
  1528   0.708333 %   24
  1529   0.708333 %   24
  1530   0.708333 %   24
  1531   0.708333 %   24
  1532   0.708333 %   24
  1533   0.708333 %   24
  1534   0.708333 %   24
  1535   0.708333 %   24
  1536   0.708333 %   24
  1537   0.708333 %   24
  1538   0.750000 %   24
  1539   0.750000 %   24
  1540   0.750000 %   24
  1541   0.708333 %   24
  1542   0.708333 %   24
  1543   0.708333 %   24
  1544   0.708333 %   24
  1545   0.708333 %   24
  1546   0.708333 %   24
  1547   0.708333 %   24
  1548   0.708333 %   24
  1549   0.708333 %   24
  1550   0.708333 %   24
  1551   0.708333 %   24
  1552   0.708333 %   24
  1553   0.708333 %   24
  1554   0.708333 %   24
  1555   0.708333 %   24
  1556   0.708333 %   24
  1557   0.708333 %   24
  1558   0.708333 %   24
  1559   0.708333 %   24
  1560   0.708333 %   24
  1561   0.708333 %   24
  1562   0.708333 %   24
  1563   0.708333 %   24
  1564   0.750000 %   24
  1565   0.750000 %   24
  1566   0.750000 %   24
  1567   0.708333 %   24
  1568   0.750000 %   23
  1569   0.750000 %   24
  1570   0.750000 %   24
  1571   0.708333 %   24
  1572   0.708333 %   24
  1573   0.708333 %   24
  1574   0.708333 %   24
  1575   0.708333 %   24
  1576   0.750000 %   24
  1577   0.750000 %   24
  1578   0.750000 %   24
  1579   0.708333 %   24
  1580   0.750000 %   24
  1581   0.708333 %   24
  1582   0.708333 %   24
  1583   0.708333 %   24
  1584   0.708333 %   24
  1585   0.708333 %   24
  1586   0.708333 %   24
  1587   0.708333 %   24
  1588   0.750000 %   24
  1589   0.750000 %   24
  1590   0.750000 %   24
  1591   0.750000 %   24
  1592   0.750000 %   24
  1593   0.750000 %   24
  1594   0.750000 %   24
  1595   0.750000 %   24
  1596   0.750000 %   24
  1597   0.750000 %   24
  1598   0.750000 %   24
  1599   0.750000 %   24
  1600   0.750000 %   24
  1601   0.750000 %   24
  1602   0.750000 %   24
  1603   0.750000 %   24
  1604   0.750000 %   24
  1605   0.750000 %   24
  1606   0.750000 %   24
  1607   0.750000 %   24
  1608   0.750000 %   24
  1609   0.750000 %   24
  1610   0.750000 %   24
  1611   0.750000 %   24
  1612   0.750000 %   24
  1613   0.750000 %   24
  1614   0.750000 %   24
  1615   0.750000 %   24
  1616   0.750000 %   24
  1617   0.750000 %   24
  1618   0.750000 %   24
  1619   0.750000 %   24
  1620   0.750000 %   24
  1621   0.750000 %   24
  1622   0.750000 %   24
  1623   0.750000 %   24
  1624   0.750000 %   24
  1625   0.750000 %   24
  1626   0.750000 %   24
  1627   0.708333 %   23
  1628   0.708333 %   24
  1629   0.708333 %   24
  1630   0.708333 %   24
  1631   0.708333 %   24
  1632   0.708333 %   24
  1633   0.708333 %   24
  1634   0.708333 %   24
  1635   0.708333 %   24
  1636   0.708333 %   24
  1637   0.708333 %   24
  1638   0.708333 %   24
  1639   0.708333 %   24
  1640   0.708333 %   24
  1641   0.708333 %   24
  1642   0.708333 %   24
  1643   0.708333 %   24
  1644   0.708333 %   24
  1645   0.708333 %   24
  1646   0.708333 %   24
  1647   0.708333 %   24
  1648   0.708333 %   24
  1649   0.708333 %   24
  1650   0.708333 %   24
  1651   0.708333 %   24
  1652   0.708333 %   24
  1653   0.708333 %   24
  1654   0.708333 %   24
  1655   0.708333 %   23
  1656   0.708333 %   24
  1657   0.708333 %   24
  1658   0.708333 %   24
  1659   0.708333 %   24
  1660   0.708333 %   24
  1661   0.708333 %   24
  1662   0.708333 %   24
  1663   0.708333 %   24
  1664   0.708333 %   24
  1665   0.708333 %   24
  1666   0.708333 %   24
  1667   0.708333 %   24
  1668   0.708333 %   24
  1669   0.708333 %   24
  1670   0.708333 %   24
  1671   0.708333 %   24
  1672   0.708333 %   24
  1673   0.708333 %   24
  1674   0.708333 %   24
  1675   0.708333 %   24
  1676   0.708333 %   24
  1677   0.708333 %   24
  1678   0.708333 %   24
  1679   0.708333 %   24
  1680   0.708333 %   24
  1681   0.708333 %   24
  1682   0.708333 %   24
  1683   0.708333 %   24
  1684   0.708333 %   24
  1685   0.708333 %   24
  1686   0.708333 %   24
  1687   0.708333 %   24
  1688   0.708333 %   24
  1689   0.708333 %   24
  1690   0.708333 %   24
  1691   0.708333 %   24
  1692   0.708333 %   24
  1693   0.708333 %   24
  1694   0.708333 %   24
  1695   0.708333 %   24
  1696   0.708333 %   24
  1697   0.708333 %   24
  1698   0.708333 %   24
  1699   0.708333 %   24
  1700   0.708333 %   24
  1701   0.708333 %   24
  1702   0.708333 %   24
  1703   0.708333 %   24
  1704   0.708333 %   24
  1705   0.708333 %   24
  1706   0.708333 %   24
  1707   0.708333 %   24
  1708   0.708333 %   24
  1709   0.708333 %   24
  1710   0.708333 %   24
  1711   0.708333 %   24
  1712   0.708333 %   24
  1713   0.708333 %   24
  1714   0.708333 %   24
  1715   0.708333 %   24
  1716   0.708333 %   24
  1717   0.708333 %   24
  1718   0.708333 %   24
  1719   0.708333 %   24
  1720   0.708333 %   24
  1721   0.708333 %   24
  1722   0.708333 %   24
  1723   0.708333 %   24
  1724   0.708333 %   24
  1725   0.708333 %   24
  1726   0.708333 %   24
  1727   0.708333 %   24
  1728   0.708333 %   24
  1729   0.708333 %   24
  1730   0.708333 %   24
  1731   0.708333 %   24
  1732   0.708333 %   24
  1733   0.708333 %   24
  1734   0.708333 %   24
  1735   0.708333 %   24
  1736   0.708333 %   24
  1737   0.708333 %   24
  1738   0.708333 %   24
  1739   0.708333 %   24
  1740   0.708333 %   24
  1741   0.708333 %   24
  1742   0.708333 %   24
  1743   0.708333 %   24
  1744   0.708333 %   24
  1745   0.708333 %   24
  1746   0.708333 %   24
  1747   0.708333 %   24
  1748   0.708333 %   24
  1749   0.708333 %   24
  1750   0.708333 %   24
  1751   0.708333 %   24
  1752   0.708333 %   24
  1753   0.708333 %   24
  1754   0.708333 %   24
  1755   0.708333 %   24
  1756   0.708333 %   24
  1757   0.708333 %   24
  1758   0.708333 %   24
  1759   0.708333 %   24
  1760   0.708333 %   24
  1761   0.708333 %   24
  1762   0.708333 %   24
  1763   0.708333 %   24
  1764   0.708333 %   24
  1765   0.708333 %   24
  1766   0.708333 %   24
  1767   0.708333 %   24
  1768   0.708333 %   24
  1769   0.708333 %   24
  1770   0.708333 %   24
  1771   0.708333 %   24
  1772   0.708333 %   24
  1773   0.708333 %   24
  1774   0.708333 %   24
  1775   0.708333 %   24
  1776   0.708333 %   24
  1777   0.708333 %   24
  1778   0.708333 %   24
  1779   0.708333 %   24
  1780   0.708333 %   24
  1781   0.708333 %   24
  1782   0.666667 %   23
  1783   0.666667 %   23
  1784   0.666667 %   23
  1785   0.666667 %   23
  1786   0.666667 %   23
  1787   0.666667 %   23
  1788   0.708333 %   23
  1789   0.666667 %   22
  1790   0.666667 %   22
  1791   0.666667 %   23
  1792   0.666667 %   22
  1793   0.666667 %   23
  1794   0.666667 %   23
  1795   0.666667 %   23
  1796   0.666667 %   22
  1797   0.666667 %   23
  1798   0.666667 %   23
  1799   0.666667 %   23
  1800   0.666667 %   23
  1801   0.666667 %   23
  1802   0.666667 %   22
  1803   0.666667 %   22
  1804   0.666667 %   23
  1805   0.666667 %   23
  1806   0.666667 %   23
  1807   0.666667 %   23
  1808   0.666667 %   23
  1809   0.666667 %   23
  1810   0.666667 %   22
  1811   0.666667 %   22
  1812   0.666667 %   22
  1813   0.666667 %   23
  1814   0.666667 %   23
  1815   0.666667 %   23
  1816   0.666667 %   23
  1817   0.666667 %   23
  1818   0.666667 %   23
  1819   0.666667 %   23
  1820   0.666667 %   23
  1821   0.666667 %   23
  1822   0.666667 %   23
  1823   0.666667 %   23
  1824   0.666667 %   23
  1825   0.666667 %   23
  1826   0.666667 %   23
  1827   0.666667 %   23
  1828   0.666667 %   23
  1829   0.666667 %   23
  1830   0.625000 %   23
  1831   0.666667 %   23
  1832   0.666667 %   23
  1833   0.666667 %   23
  1834   0.666667 %   23
  1835   0.666667 %   23
  1836   0.666667 %   23
  1837   0.666667 %   23
  1838   0.666667 %   23
  1839   0.666667 %   23
  1840   0.666667 %   23
  1841   0.666667 %   23
  1842   0.666667 %   23
  1843   0.666667 %   23
  1844   0.666667 %   22
  1845   0.708333 %   23
  1846   0.708333 %   23
  1847   0.708333 %   23
  1848   0.708333 %   23
  1849   0.708333 %   23
  1850   0.708333 %   23
  1851   0.708333 %   23
  1852   0.708333 %   23
  1853   0.708333 %   23
  1854   0.708333 %   23
  1855   0.708333 %   23
  1856   0.708333 %   23
  1857   0.708333 %   23
  1858   0.708333 %   23
  1859   0.708333 %   23
  1860   0.708333 %   23
  1861   0.708333 %   23
  1862   0.708333 %   23
  1863   0.708333 %   23
  1864   0.708333 %   23
  1865   0.708333 %   23
  1866   0.708333 %   23
  1867   0.708333 %   23
  1868   0.708333 %   23
  1869   0.708333 %   23
  1870   0.708333 %   23
  1871   0.708333 %   23
  1872   0.708333 %   23
  1873   0.708333 %   23
  1874   0.666667 %   23
  1875   0.666667 %   23
  1876   0.666667 %   23
  1877   0.666667 %   23
  1878   0.666667 %   23
  1879   0.666667 %   23
  1880   0.666667 %   23
  1881   0.666667 %   23
  1882   0.666667 %   23
  1883   0.666667 %   23
  1884   0.666667 %   23
  1885   0.666667 %   23
  1886   0.708333 %   23
  1887   0.708333 %   23
  1888   0.708333 %   23
  1889   0.666667 %   23
  1890   0.708333 %   23
  1891   0.708333 %   23
  1892   0.708333 %   23
  1893   0.666667 %   23
  1894   0.666667 %   23
  1895   0.666667 %   24
  1896   0.666667 %   23
  1897   0.666667 %   23
  1898   0.666667 %   23
  1899   0.666667 %   23
  1900   0.666667 %   23
  1901   0.708333 %   22
  1902   0.708333 %   23
  1903   0.708333 %   23
  1904   0.666667 %   23
  1905   0.666667 %   23
  1906   0.666667 %   23
  1907   0.666667 %   23
  1908   0.666667 %   23
  1909   0.666667 %   23
  1910   0.708333 %   23
  1911   0.708333 %   23
  1912   0.708333 %   23
  1913   0.666667 %   22
  1914   0.666667 %   23
  1915   0.666667 %   23
  1916   0.666667 %   23
  1917   0.666667 %   23
  1918   0.666667 %   23
  1919   0.666667 %   23
  1920   0.666667 %   23
  1921   0.666667 %   23
  1922   0.666667 %   23
  1923   0.666667 %   23
  1924   0.666667 %   23
  1925   0.666667 %   23
  1926   0.666667 %   23
  1927   0.666667 %   23
  1928   0.666667 %   23
  1929   0.666667 %   23
  1930   0.666667 %   23
  1931   0.666667 %   23
  1932   0.666667 %   23
  1933   0.666667 %   23
  1934   0.666667 %   23
  1935   0.666667 %   23
  1936   0.666667 %   23
  1937   0.666667 %   23
  1938   0.666667 %   23
  1939   0.666667 %   23
  1940   0.666667 %   23
  1941   0.666667 %   23
  1942   0.666667 %   23
  1943   0.666667 %   23
  1944   0.666667 %   23
  1945   0.666667 %   23
  1946   0.666667 %   23
  1947   0.666667 %   23
  1948   0.666667 %   23
  1949   0.666667 %   23
  1950   0.666667 %   23
  1951   0.666667 %   23
  1952   0.666667 %   23
  1953   0.666667 %   23
  1954   0.666667 %   23
  1955   0.666667 %   23
  1956   0.666667 %   22
  1957   0.666667 %   23
  1958   0.666667 %   23
  1959   0.666667 %   23
  1960   0.666667 %   23
  1961   0.666667 %   23
  1962   0.666667 %   23
  1963   0.666667 %   23
  1964   0.666667 %   23
  1965   0.666667 %   22
  1966   0.666667 %   22
  1967   0.666667 %   22
  1968   0.666667 %   22
  1969   0.666667 %   22
  1970   0.666667 %   22
  1971   0.666667 %   23
  1972   0.666667 %   23
  1973   0.666667 %   23
  1974   0.666667 %   23
  1975   0.666667 %   23
  1976   0.666667 %   22
  1977   0.666667 %   22
  1978   0.666667 %   23
  1979   0.666667 %   23
  1980   0.666667 %   23
  1981   0.666667 %   23
  1982   0.666667 %   23
  1983   0.666667 %   23
  1984   0.666667 %   23
  1985   0.666667 %   22
  1986   0.666667 %   23
  1987   0.666667 %   23
  1988   0.666667 %   22
  1989   0.666667 %   22
  1990   0.666667 %   22
  1991   0.666667 %   22
  1992   0.708333 %   23
  1993   0.708333 %   23
  1994   0.708333 %   23
  1995   0.708333 %   23
  1996   0.708333 %   23
  1997   0.708333 %   23
  1998   0.666667 %   22
  1999   0.708333 %   23
  2000   0.708333 %   23
  2001   0.708333 %   23
  2002   0.708333 %   23
  2003   0.708333 %   23
  2004   0.708333 %   23
  2005   0.708333 %   23
  2006   0.708333 %   23
  2007   0.708333 %   23
  2008   0.708333 %   23
  2009   0.708333 %   22
  2010   0.708333 %   22
  2011   0.708333 %   22
  2012   0.708333 %   23
  2013   0.708333 %   23
  2014   0.708333 %   23
  2015   0.708333 %   23
  2016   0.708333 %   22
  2017   0.708333 %   22
  2018   0.708333 %   23
  2019   0.708333 %   22
  2020   0.708333 %   22
  2021   0.708333 %   23
  2022   0.708333 %   22
  2023   0.708333 %   22
  2024   0.708333 %   23
  2025   0.708333 %   23
  2026   0.708333 %   23
  2027   0.708333 %   23
  2028   0.708333 %   23
  2029   0.708333 %   23
  2030   0.708333 %   23
  2031   0.708333 %   23
  2032   0.708333 %   23
  2033   0.708333 %   23
  2034   0.708333 %   22
  2035   0.708333 %   22
  2036   0.708333 %   22
  2037   0.708333 %   22
  2038   0.708333 %   22
  2039   0.708333 %   23
  2040   0.708333 %   23
  2041   0.708333 %   23
  2042   0.708333 %   23
  2043   0.708333 %   23
  2044   0.708333 %   23
  2045   0.708333 %   23
  2046   0.708333 %   23
  2047   0.708333 %   23
  2048   0.708333 %   23
  2049   0.708333 %   23
  2050   0.708333 %   23
  2051   0.708333 %   23
  2052   0.708333 %   23
  2053   0.708333 %   23
  2054   0.708333 %   23
  2055   0.708333 %   23
  2056   0.708333 %   23
  2057   0.708333 %   23
  2058   0.708333 %   23
  2059   0.708333 %   23
  2060   0.708333 %   23
  2061   0.708333 %   23
  2062   0.708333 %   23
  2063   0.708333 %   23
  2064   0.708333 %   23
  2065   0.708333 %   23
  2066   0.708333 %   23
  2067   0.708333 %   23
  2068   0.708333 %   23
  2069   0.708333 %   23
  2070   0.708333 %   23
  2071   0.708333 %   23
  2072   0.708333 %   23
  2073   0.708333 %   23
  2074   0.708333 %   23
  2075   0.708333 %   23
  2076   0.708333 %   23
  2077   0.708333 %   23
  2078   0.708333 %   23
  2079   0.708333 %   23
  2080   0.708333 %   23
  2081   0.708333 %   22
  2082   0.708333 %   23
  2083   0.708333 %   23
  2084   0.708333 %   23
  2085   0.708333 %   23
  2086   0.708333 %   22
  2087   0.708333 %   23
  2088   0.708333 %   23
  2089   0.708333 %   23
  2090   0.708333 %   23
  2091   0.708333 %   23
  2092   0.708333 %   23
  2093   0.708333 %   23
  2094   0.708333 %   23
  2095   0.666667 %   22
  2096   0.708333 %   23
  2097   0.708333 %   23
  2098   0.708333 %   23
  2099   0.708333 %   23
  2100   0.708333 %   23
  2101   0.708333 %   23
  2102   0.708333 %   23
  2103   0.708333 %   23
  2104   0.708333 %   23
  2105   0.708333 %   23
  2106   0.708333 %   23
  2107   0.708333 %   23
  2108   0.708333 %   23
  2109   0.708333 %   23
  2110   0.708333 %   23
  2111   0.708333 %   23
  2112   0.708333 %   23
  2113   0.708333 %   23
  2114   0.708333 %   23
  2115   0.708333 %   23
  2116   0.708333 %   23
  2117   0.708333 %   23
  2118   0.708333 %   23
  2119   0.708333 %   23
  2120   0.708333 %   23
  2121   0.708333 %   23
  2122   0.708333 %   23
  2123   0.708333 %   23
  2124   0.708333 %   23
  2125   0.708333 %   23
  2126   0.708333 %   23
  2127   0.708333 %   23
  2128   0.708333 %   23
  2129   0.708333 %   23
  2130   0.708333 %   23
  2131   0.708333 %   23
  2132   0.708333 %   23
  2133   0.708333 %   23
  2134   0.708333 %   23
  2135   0.708333 %   23
  2136   0.708333 %   23
  2137   0.708333 %   23
  2138   0.708333 %   23
  2139   0.708333 %   23
  2140   0.708333 %   23
  2141   0.708333 %   23
  2142   0.708333 %   23
  2143   0.708333 %   23
  2144   0.708333 %   23
  2145   0.708333 %   23
  2146   0.708333 %   23
  2147   0.708333 %   23
  2148   0.708333 %   23
  2149   0.708333 %   23
  2150   0.708333 %   23
  2151   0.708333 %   23
  2152   0.708333 %   23
  2153   0.708333 %   23
  2154   0.708333 %   23
  2155   0.708333 %   23
  2156   0.708333 %   23
  2157   0.708333 %   23
  2158   0.708333 %   23
  2159   0.708333 %   23
  2160   0.708333 %   23
  2161   0.708333 %   23
  2162   0.708333 %   23
  2163   0.708333 %   23
  2164   0.708333 %   23
  2165   0.708333 %   23
  2166   0.708333 %   23
  2167   0.708333 %   23
  2168   0.708333 %   23
  2169   0.708333 %   23
  2170   0.708333 %   23
  2171   0.708333 %   23
  2172   0.708333 %   23
  2173   0.708333 %   23
  2174   0.708333 %   23
  2175   0.708333 %   23
  2176   0.708333 %   23
  2177   0.708333 %   23
  2178   0.708333 %   23
  2179   0.708333 %   23
  2180   0.708333 %   23
  2181   0.708333 %   23
  2182   0.708333 %   23
  2183   0.708333 %   23
  2184   0.708333 %   23
  2185   0.708333 %   23
  2186   0.708333 %   23
  2187   0.708333 %   23
  2188   0.708333 %   23
  2189   0.708333 %   23
  2190   0.708333 %   23
  2191   0.708333 %   23
  2192   0.708333 %   23
  2193   0.708333 %   23
  2194   0.708333 %   23
  2195   0.708333 %   23
  2196   0.708333 %   23
  2197   0.708333 %   23
  2198   0.708333 %   23
  2199   0.708333 %   23
  2200   0.708333 %   23
  2201   0.708333 %   23
  2202   0.708333 %   23
  2203   0.708333 %   23
  2204   0.708333 %   23
  2205   0.708333 %   23
  2206   0.708333 %   23
  2207   0.708333 %   23
  2208   0.708333 %   23
  2209   0.708333 %   23
  2210   0.708333 %   23
  2211   0.708333 %   23
  2212   0.708333 %   23
  2213   0.708333 %   23
  2214   0.708333 %   23
  2215   0.708333 %   23
  2216   0.708333 %   23
  2217   0.708333 %   23
  2218   0.708333 %   23
  2219   0.708333 %   23
  2220   0.708333 %   23

statistiche sul numero di peer connessi al full-node
#####################################################################################################
numero max connessioni: lancio, numero-peer
[[0, 24], [2, 24], [3, 24], [4, 24], [5, 24], [6, 24], [9, 24], [10, 24], [11, 24], [12, 24], [15, 24], [18, 24], [19, 24], [20, 24], [21, 24], [22, 24], [23, 24], [24, 24], [25, 24], [26, 24], [28, 24], [29, 24], [32, 24], [35, 24], [39, 24], [40, 24], [45, 24], [46, 24], [47, 24], [48, 24], [49, 24], [50, 24], [51, 24], [52, 24], [53, 24], [54, 24], [55, 24], [56, 24], [57, 24], [58, 24], [59, 24], [60, 24], [61, 24], [62, 24], [63, 24], [64, 24], [65, 24], [66, 24], [67, 24], [68, 24], [69, 24], [70, 24], [71, 24], [72, 24], [73, 24], [74, 24], [75, 24], [76, 24], [77, 24], [78, 24], [79, 24], [80, 24], [81, 24], [82, 24], [83, 24], [84, 24], [85, 24], [86, 24], [87, 24], [88, 24], [89, 24], [90, 24], [91, 24], [92, 24], [93, 24], [94, 24], [95, 24], [96, 24], [97, 24], [98, 24], [99, 24], [100, 24], [101, 24], [102, 24], [103, 24], [104, 24], [105, 24], [106, 24], [107, 24], [108, 24], [109, 24], [110, 24], [111, 24], [112, 24], [113, 24], [114, 24], [115, 24], [116, 24], [117, 24], [118, 24], [119, 24], [120, 24], [121, 24], [122, 24], [123, 24], [124, 24], [125, 24], [126, 24], [127, 24], [128, 24], [129, 24], [130, 24], [131, 24], [132, 24], [133, 24], [134, 24], [135, 24], [136, 24], [137, 24], [138, 24], [139, 24], [140, 24], [141, 24], [142, 24], [143, 24], [144, 24], [145, 24], [146, 24], [147, 24], [148, 24], [149, 24], [150, 24], [151, 24], [153, 24], [154, 24], [155, 24], [156, 24], [157, 24], [158, 24], [159, 24], [160, 24], [161, 24], [162, 24], [163, 24], [164, 24], [165, 24], [166, 24], [167, 24], [168, 24], [169, 24], [170, 24], [171, 24], [172, 24], [173, 24], [174, 24], [175, 24], [176, 24], [177, 24], [178, 24], [179, 24], [180, 24], [181, 24], [182, 24], [183, 24], [184, 24], [185, 24], [186, 24], [187, 24], [188, 24], [189, 24], [190, 24], [191, 24], [192, 24], [193, 24], [194, 24], [195, 24], [196, 24], [197, 24], [198, 24], [199, 24], [200, 24], [201, 24], [202, 24], [203, 24], [204, 24], [205, 24], [206, 24], [207, 24], [208, 24], [209, 24], [210, 24], [211, 24], [212, 24], [213, 24], [214, 24], [215, 24], [216, 24], [217, 24], [218, 24], [219, 24], [220, 24], [221, 24], [222, 24], [223, 24], [224, 24], [225, 24], [226, 24], [227, 24], [228, 24], [229, 24], [230, 24], [231, 24], [232, 24], [233, 24], [234, 24], [235, 24], [236, 24], [238, 24], [239, 24], [240, 24], [241, 24], [242, 24], [243, 24], [244, 24], [245, 24], [246, 24], [247, 24], [248, 24], [249, 24], [250, 24], [251, 24], [252, 24], [253, 24], [254, 24], [255, 24], [256, 24], [257, 24], [258, 24], [259, 24], [260, 24], [261, 24], [262, 24], [263, 24], [264, 24], [265, 24], [266, 24], [267, 24], [268, 24], [269, 24], [270, 24], [271, 24], [272, 24], [273, 24], [274, 24], [275, 24], [276, 24], [277, 24], [278, 24], [279, 24], [280, 24], [281, 24], [282, 24], [283, 24], [284, 24], [285, 24], [286, 24], [287, 24], [288, 24], [289, 24], [290, 24], [291, 24], [292, 24], [293, 24], [294, 24], [295, 24], [296, 24], [297, 24], [298, 24], [299, 24], [300, 24], [301, 24], [302, 24], [303, 24], [304, 24], [305, 24], [306, 24], [307, 24], [308, 24], [309, 24], [310, 24], [311, 24], [312, 24], [313, 24], [314, 24], [315, 24], [316, 24], [317, 24], [318, 24], [319, 24], [320, 24], [321, 24], [322, 24], [323, 24], [324, 24], [325, 24], [326, 24], [327, 24], [328, 24], [329, 24], [330, 24], [331, 24], [332, 24], [333, 24], [334, 24], [335, 24], [336, 24], [337, 24], [338, 24], [339, 24], [340, 24], [341, 24], [342, 24], [343, 24], [344, 24], [345, 24], [346, 24], [347, 24], [348, 24], [349, 24], [351, 24], [352, 24], [353, 24], [354, 24], [355, 24], [356, 24], [357, 24], [358, 24], [359, 24], [360, 24], [361, 24], [362, 24], [363, 24], [364, 24], [365, 24], [366, 24], [367, 24], [368, 24], [369, 24], [370, 24], [371, 24], [372, 24], [373, 24], [374, 24], [375, 24], [376, 24], [377, 24], [378, 24], [379, 24], [380, 24], [381, 24], [382, 24], [383, 24], [384, 24], [385, 24], [386, 24], [387, 24], [388, 24], [389, 24], [390, 24], [391, 24], [392, 24], [393, 24], [394, 24], [395, 24], [396, 24], [397, 24], [398, 24], [399, 24], [400, 24], [401, 24], [402, 24], [403, 24], [404, 24], [405, 24], [406, 24], [407, 24], [408, 24], [409, 24], [410, 24], [411, 24], [412, 24], [413, 24], [414, 24], [415, 24], [416, 24], [417, 24], [418, 24], [419, 24], [420, 24], [421, 24], [422, 24], [423, 24], [424, 24], [425, 24], [426, 24], [427, 24], [428, 24], [429, 24], [430, 24], [431, 24], [432, 24], [433, 24], [434, 24], [435, 24], [436, 24], [437, 24], [438, 24], [439, 24], [440, 24], [441, 24], [442, 24], [443, 24], [444, 24], [445, 24], [446, 24], [447, 24], [448, 24], [449, 24], [450, 24], [451, 24], [452, 24], [453, 24], [454, 24], [455, 24], [456, 24], [457, 24], [458, 24], [459, 24], [460, 24], [461, 24], [462, 24], [463, 24], [464, 24], [465, 24], [466, 24], [467, 24], [468, 24], [469, 24], [470, 24], [471, 24], [472, 24], [473, 24], [474, 24], [475, 24], [476, 24], [477, 24], [478, 24], [479, 24], [480, 24], [481, 24], [482, 24], [483, 24], [484, 24], [485, 24], [486, 24], [487, 24], [488, 24], [489, 24], [490, 24], [491, 24], [492, 24], [493, 24], [494, 24], [495, 24], [496, 24], [497, 24], [498, 24], [499, 24], [500, 24], [501, 24], [502, 24], [503, 24], [504, 24], [505, 24], [506, 24], [507, 24], [508, 24], [509, 24], [510, 24], [511, 24], [512, 24], [513, 24], [514, 24], [515, 24], [516, 24], [517, 24], [518, 24], [519, 24], [520, 24], [521, 24], [522, 24], [523, 24], [524, 24], [525, 24], [526, 24], [527, 24], [528, 24], [529, 24], [530, 24], [531, 24], [532, 24], [533, 24], [534, 24], [535, 24], [536, 24], [537, 24], [538, 24], [539, 24], [540, 24], [541, 24], [542, 24], [543, 24], [544, 24], [545, 24], [546, 24], [547, 24], [548, 24], [549, 24], [550, 24], [551, 24], [552, 24], [553, 24], [554, 24], [555, 24], [556, 24], [557, 24], [558, 24], [559, 24], [560, 24], [562, 24], [563, 24], [564, 24], [565, 24], [566, 24], [567, 24], [568, 24], [569, 24], [570, 24], [571, 24], [572, 24], [573, 24], [574, 24], [575, 24], [576, 24], [577, 24], [578, 24], [579, 24], [581, 24], [582, 24], [583, 24], [584, 24], [585, 24], [586, 24], [587, 24], [588, 24], [589, 24], [590, 24], [591, 24], [592, 24], [593, 24], [594, 24], [595, 24], [596, 24], [597, 24], [598, 24], [599, 24], [600, 24], [601, 24], [602, 24], [603, 24], [604, 24], [605, 24], [606, 24], [607, 24], [608, 24], [609, 24], [610, 24], [611, 24], [612, 24], [613, 24], [614, 24], [615, 24], [616, 24], [617, 24], [618, 24], [619, 24], [620, 24], [621, 24], [622, 24], [623, 24], [624, 24], [625, 24], [626, 24], [627, 24], [628, 24], [629, 24], [630, 24], [631, 24], [632, 24], [633, 24], [634, 24], [635, 24], [636, 24], [637, 24], [638, 24], [639, 24], [640, 24], [641, 24], [642, 24], [643, 24], [644, 24], [645, 24], [646, 24], [647, 24], [648, 24], [649, 24], [650, 24], [651, 24], [652, 24], [653, 24], [654, 24], [655, 24], [656, 24], [657, 24], [658, 24], [659, 24], [660, 24], [661, 24], [662, 24], [666, 24], [667, 24], [668, 24], [669, 24], [670, 24], [671, 24], [672, 24], [673, 24], [674, 24], [675, 24], [676, 24], [677, 24], [678, 24], [679, 24], [680, 24], [681, 24], [682, 24], [683, 24], [684, 24], [685, 24], [686, 24], [687, 24], [688, 24], [689, 24], [690, 24], [691, 24], [692, 24], [693, 24], [694, 24], [695, 24], [696, 24], [697, 24], [698, 24], [699, 24], [700, 24], [701, 24], [702, 24], [703, 24], [704, 24], [705, 24], [706, 24], [707, 24], [708, 24], [709, 24], [710, 24], [711, 24], [712, 24], [713, 24], [714, 24], [715, 24], [716, 24], [717, 24], [718, 24], [719, 24], [720, 24], [721, 24], [722, 24], [723, 24], [724, 24], [725, 24], [726, 24], [727, 24], [728, 24], [729, 24], [730, 24], [731, 24], [732, 24], [733, 24], [734, 24], [735, 24], [736, 24], [737, 24], [738, 24], [739, 24], [740, 24], [741, 24], [742, 24], [743, 24], [744, 24], [745, 24], [746, 24], [747, 24], [748, 24], [749, 24], [750, 24], [751, 24], [752, 24], [753, 24], [754, 24], [755, 24], [756, 24], [757, 24], [758, 24], [759, 24], [760, 24], [761, 24], [762, 24], [763, 24], [764, 24], [765, 24], [766, 24], [767, 24], [768, 24], [769, 24], [770, 24], [771, 24], [772, 24], [773, 24], [774, 24], [775, 24], [776, 24], [777, 24], [778, 24], [779, 24], [780, 24], [781, 24], [782, 24], [783, 24], [784, 24], [785, 24], [786, 24], [787, 24], [788, 24], [789, 24], [790, 24], [791, 24], [792, 24], [793, 24], [794, 24], [795, 24], [796, 24], [797, 24], [798, 24], [799, 24], [800, 24], [801, 24], [802, 24], [803, 24], [804, 24], [805, 24], [806, 24], [807, 24], [808, 24], [809, 24], [810, 24], [811, 24], [812, 24], [813, 24], [814, 24], [815, 24], [816, 24], [817, 24], [818, 24], [819, 24], [820, 24], [821, 24], [822, 24], [823, 24], [824, 24], [825, 24], [826, 24], [827, 24], [828, 24], [829, 24], [830, 24], [831, 24], [832, 24], [833, 24], [834, 24], [835, 24], [836, 24], [837, 24], [838, 24], [839, 24], [840, 24], [841, 24], [842, 24], [843, 24], [844, 24], [845, 24], [846, 24], [847, 24], [848, 24], [849, 24], [850, 24], [851, 24], [852, 24], [853, 24], [854, 24], [855, 24], [856, 24], [857, 24], [858, 24], [859, 24], [860, 24], [861, 24], [862, 24], [864, 24], [865, 24], [866, 24], [867, 24], [868, 24], [869, 24], [870, 24], [871, 24], [872, 24], [873, 24], [874, 24], [875, 24], [876, 24], [877, 24], [878, 24], [879, 24], [880, 24], [881, 24], [882, 24], [883, 24], [884, 24], [886, 24], [887, 24], [888, 24], [889, 24], [890, 24], [891, 24], [892, 24], [893, 24], [894, 24], [895, 24], [896, 24], [897, 24], [898, 24], [899, 24], [900, 24], [901, 24], [902, 24], [903, 24], [904, 24], [905, 24], [906, 24], [907, 24], [908, 24], [909, 24], [910, 24], [911, 24], [912, 24], [913, 24], [914, 24], [915, 24], [916, 24], [917, 24], [918, 24], [919, 24], [920, 24], [921, 24], [922, 24], [923, 24], [924, 24], [925, 24], [926, 24], [927, 24], [928, 24], [929, 24], [930, 24], [931, 24], [932, 24], [933, 24], [934, 24], [935, 24], [936, 24], [937, 24], [938, 24], [939, 24], [940, 24], [941, 24], [942, 24], [943, 24], [944, 24], [945, 24], [946, 24], [947, 24], [948, 24], [949, 24], [950, 24], [951, 24], [952, 24], [953, 24], [954, 24], [955, 24], [956, 24], [957, 24], [958, 24], [959, 24], [960, 24], [961, 24], [962, 24], [963, 24], [964, 24], [965, 24], [966, 24], [967, 24], [968, 24], [969, 24], [970, 24], [971, 24], [972, 24], [973, 24], [974, 24], [975, 24], [976, 24], [977, 24], [978, 24], [979, 24], [980, 24], [981, 24], [982, 24], [983, 24], [984, 24], [985, 24], [986, 24], [987, 24], [988, 24], [989, 24], [990, 24], [991, 24], [992, 24], [993, 24], [994, 24], [995, 24], [996, 24], [997, 24], [998, 24], [999, 24], [1000, 24], [1001, 24], [1002, 24], [1003, 24], [1004, 24], [1005, 24], [1006, 24], [1007, 24], [1008, 24], [1009, 24], [1010, 24], [1011, 24], [1012, 24], [1013, 24], [1014, 24], [1015, 24], [1016, 24], [1017, 24], [1018, 24], [1019, 24], [1020, 24], [1021, 24], [1022, 24], [1023, 24], [1024, 24], [1025, 24], [1026, 24], [1027, 24], [1028, 24], [1029, 24], [1030, 24], [1031, 24], [1032, 24], [1033, 24], [1034, 24], [1035, 24], [1036, 24], [1037, 24], [1038, 24], [1039, 24], [1040, 24], [1041, 24], [1042, 24], [1043, 24], [1044, 24], [1045, 24], [1046, 24], [1047, 24], [1048, 24], [1049, 24], [1050, 24], [1051, 24], [1052, 24], [1053, 24], [1054, 24], [1055, 24], [1056, 24], [1057, 24], [1058, 24], [1059, 24], [1060, 24], [1061, 24], [1062, 24], [1063, 24], [1064, 24], [1065, 24], [1066, 24], [1067, 24], [1068, 24], [1069, 24], [1070, 24], [1071, 24], [1072, 24], [1073, 24], [1074, 24], [1075, 24], [1076, 24], [1077, 24], [1078, 24], [1079, 24], [1080, 24], [1081, 24], [1082, 24], [1083, 24], [1084, 24], [1085, 24], [1086, 24], [1087, 24], [1088, 24], [1089, 24], [1090, 24], [1091, 24], [1092, 24], [1093, 24], [1094, 24], [1095, 24], [1096, 24], [1097, 24], [1098, 24], [1099, 24], [1100, 24], [1101, 24], [1102, 24], [1103, 24], [1104, 24], [1105, 24], [1106, 24], [1107, 24], [1108, 24], [1109, 24], [1110, 24], [1111, 24], [1112, 24], [1113, 24], [1114, 24], [1115, 24], [1116, 24], [1117, 24], [1118, 24], [1119, 24], [1121, 24], [1122, 24], [1123, 24], [1124, 24], [1125, 24], [1126, 24], [1127, 24], [1128, 24], [1129, 24], [1130, 24], [1131, 24], [1132, 24], [1133, 24], [1134, 24], [1135, 24], [1136, 24], [1137, 24], [1138, 24], [1139, 24], [1140, 24], [1141, 24], [1142, 24], [1143, 24], [1144, 24], [1145, 24], [1146, 24], [1147, 24], [1148, 24], [1149, 24], [1150, 24], [1151, 24], [1152, 24], [1153, 24], [1154, 24], [1155, 24], [1156, 24], [1157, 24], [1158, 24], [1159, 24], [1160, 24], [1161, 24], [1162, 24], [1163, 24], [1164, 24], [1165, 24], [1166, 24], [1167, 24], [1168, 24], [1169, 24], [1170, 24], [1171, 24], [1172, 24], [1173, 24], [1174, 24], [1175, 24], [1176, 24], [1177, 24], [1178, 24], [1179, 24], [1180, 24], [1181, 24], [1182, 24], [1183, 24], [1184, 24], [1185, 24], [1186, 24], [1187, 24], [1188, 24], [1189, 24], [1190, 24], [1191, 24], [1192, 24], [1193, 24], [1194, 24], [1195, 24], [1197, 24], [1198, 24], [1199, 24], [1200, 24], [1201, 24], [1202, 24], [1203, 24], [1204, 24], [1205, 24], [1206, 24], [1207, 24], [1208, 24], [1209, 24], [1210, 24], [1211, 24], [1212, 24], [1213, 24], [1214, 24], [1215, 24], [1216, 24], [1217, 24], [1218, 24], [1219, 24], [1220, 24], [1221, 24], [1222, 24], [1223, 24], [1224, 24], [1225, 24], [1226, 24], [1227, 24], [1228, 24], [1229, 24], [1230, 24], [1231, 24], [1232, 24], [1233, 24], [1234, 24], [1235, 24], [1236, 24], [1237, 24], [1238, 24], [1239, 24], [1240, 24], [1241, 24], [1242, 24], [1243, 24], [1244, 24], [1245, 24], [1246, 24], [1247, 24], [1248, 24], [1249, 24], [1250, 24], [1251, 24], [1252, 24], [1253, 24], [1254, 24], [1255, 24], [1256, 24], [1257, 24], [1258, 24], [1259, 24], [1260, 24], [1261, 24], [1262, 24], [1263, 24], [1264, 24], [1265, 24], [1266, 24], [1267, 24], [1268, 24], [1269, 24], [1270, 24], [1271, 24], [1272, 24], [1273, 24], [1274, 24], [1275, 24], [1276, 24], [1277, 24], [1278, 24], [1279, 24], [1280, 24], [1281, 24], [1282, 24], [1283, 24], [1284, 24], [1285, 24], [1286, 24], [1287, 24], [1288, 24], [1289, 24], [1290, 24], [1291, 24], [1292, 24], [1293, 24], [1294, 24], [1295, 24], [1296, 24], [1297, 24], [1298, 24], [1299, 24], [1300, 24], [1301, 24], [1302, 24], [1303, 24], [1304, 24], [1305, 24], [1306, 24], [1307, 24], [1308, 24], [1309, 24], [1310, 24], [1311, 24], [1312, 24], [1313, 24], [1314, 24], [1315, 24], [1316, 24], [1317, 24], [1318, 24], [1319, 24], [1320, 24], [1321, 24], [1322, 24], [1323, 24], [1324, 24], [1325, 24], [1326, 24], [1327, 24], [1328, 24], [1329, 24], [1330, 24], [1331, 24], [1332, 24], [1333, 24], [1334, 24], [1335, 24], [1336, 24], [1337, 24], [1338, 24], [1339, 24], [1340, 24], [1341, 24], [1342, 24], [1343, 24], [1344, 24], [1345, 24], [1346, 24], [1347, 24], [1348, 24], [1349, 24], [1350, 24], [1351, 24], [1352, 24], [1353, 24], [1354, 24], [1355, 24], [1356, 24], [1357, 24], [1358, 24], [1359, 24], [1360, 24], [1361, 24], [1362, 24], [1363, 24], [1364, 24], [1365, 24], [1366, 24], [1367, 24], [1368, 24], [1369, 24], [1370, 24], [1371, 24], [1372, 24], [1373, 24], [1374, 24], [1375, 24], [1376, 24], [1377, 24], [1378, 24], [1379, 24], [1380, 24], [1381, 24], [1382, 24], [1383, 24], [1384, 24], [1385, 24], [1386, 24], [1387, 24], [1388, 24], [1389, 24], [1390, 24], [1391, 24], [1392, 24], [1393, 24], [1394, 24], [1395, 24], [1396, 24], [1397, 24], [1398, 24], [1399, 24], [1400, 24], [1401, 24], [1402, 24], [1403, 24], [1404, 24], [1405, 24], [1406, 24], [1407, 24], [1408, 24], [1409, 24], [1410, 24], [1411, 24], [1412, 24], [1413, 24], [1414, 24], [1415, 24], [1416, 24], [1417, 24], [1418, 24], [1419, 24], [1420, 24], [1421, 24], [1422, 24], [1423, 24], [1424, 24], [1425, 24], [1427, 24], [1428, 24], [1429, 24], [1430, 24], [1431, 24], [1432, 24], [1433, 24], [1434, 24], [1435, 24], [1436, 24], [1437, 24], [1438, 24], [1439, 24], [1440, 24], [1441, 24], [1442, 24], [1443, 24], [1444, 24], [1445, 24], [1446, 24], [1447, 24], [1448, 24], [1449, 24], [1450, 24], [1451, 24], [1452, 24], [1453, 24], [1454, 24], [1455, 24], [1456, 24], [1457, 24], [1458, 24], [1459, 24], [1460, 24], [1461, 24], [1462, 24], [1463, 24], [1464, 24], [1465, 24], [1466, 24], [1467, 24], [1468, 24], [1469, 24], [1470, 24], [1471, 24], [1472, 24], [1473, 24], [1474, 24], [1475, 24], [1476, 24], [1477, 24], [1478, 24], [1479, 24], [1480, 24], [1481, 24], [1482, 24], [1483, 24], [1484, 24], [1485, 24], [1486, 24], [1487, 24], [1488, 24], [1489, 24], [1490, 24], [1491, 24], [1492, 24], [1493, 24], [1494, 24], [1495, 24], [1496, 24], [1497, 24], [1498, 24], [1499, 24], [1500, 24], [1501, 24], [1502, 24], [1503, 24], [1504, 24], [1505, 24], [1506, 24], [1507, 24], [1508, 24], [1509, 24], [1510, 24], [1511, 24], [1512, 24], [1513, 24], [1514, 24], [1515, 24], [1516, 24], [1517, 24], [1518, 24], [1519, 24], [1520, 24], [1521, 24], [1522, 24], [1524, 24], [1525, 24], [1526, 24], [1527, 24], [1528, 24], [1529, 24], [1530, 24], [1531, 24], [1532, 24], [1533, 24], [1534, 24], [1535, 24], [1536, 24], [1537, 24], [1538, 24], [1539, 24], [1540, 24], [1541, 24], [1542, 24], [1543, 24], [1544, 24], [1545, 24], [1546, 24], [1547, 24], [1548, 24], [1549, 24], [1550, 24], [1551, 24], [1552, 24], [1553, 24], [1554, 24], [1555, 24], [1556, 24], [1557, 24], [1558, 24], [1559, 24], [1560, 24], [1561, 24], [1562, 24], [1563, 24], [1564, 24], [1565, 24], [1566, 24], [1567, 24], [1568, 24], [1570, 24], [1571, 24], [1572, 24], [1573, 24], [1574, 24], [1575, 24], [1576, 24], [1577, 24], [1578, 24], [1579, 24], [1580, 24], [1581, 24], [1582, 24], [1583, 24], [1584, 24], [1585, 24], [1586, 24], [1587, 24], [1588, 24], [1589, 24], [1590, 24], [1591, 24], [1592, 24], [1593, 24], [1594, 24], [1595, 24], [1596, 24], [1597, 24], [1598, 24], [1599, 24], [1600, 24], [1601, 24], [1602, 24], [1603, 24], [1604, 24], [1605, 24], [1606, 24], [1607, 24], [1608, 24], [1609, 24], [1610, 24], [1611, 24], [1612, 24], [1613, 24], [1614, 24], [1615, 24], [1616, 24], [1617, 24], [1618, 24], [1619, 24], [1620, 24], [1621, 24], [1622, 24], [1623, 24], [1624, 24], [1625, 24], [1626, 24], [1627, 24], [1629, 24], [1630, 24], [1631, 24], [1632, 24], [1633, 24], [1634, 24], [1635, 24], [1636, 24], [1637, 24], [1638, 24], [1639, 24], [1640, 24], [1641, 24], [1642, 24], [1643, 24], [1644, 24], [1645, 24], [1646, 24], [1647, 24], [1648, 24], [1649, 24], [1650, 24], [1651, 24], [1652, 24], [1653, 24], [1654, 24], [1655, 24], [1657, 24], [1658, 24], [1659, 24], [1660, 24], [1661, 24], [1662, 24], [1663, 24], [1664, 24], [1665, 24], [1666, 24], [1667, 24], [1668, 24], [1669, 24], [1670, 24], [1671, 24], [1672, 24], [1673, 24], [1674, 24], [1675, 24], [1676, 24], [1677, 24], [1678, 24], [1679, 24], [1680, 24], [1681, 24], [1682, 24], [1683, 24], [1684, 24], [1685, 24], [1686, 24], [1687, 24], [1688, 24], [1689, 24], [1690, 24], [1691, 24], [1692, 24], [1693, 24], [1694, 24], [1695, 24], [1696, 24], [1697, 24], [1698, 24], [1699, 24], [1700, 24], [1701, 24], [1702, 24], [1703, 24], [1704, 24], [1705, 24], [1706, 24], [1707, 24], [1708, 24], [1709, 24], [1710, 24], [1711, 24], [1712, 24], [1713, 24], [1714, 24], [1715, 24], [1716, 24], [1717, 24], [1718, 24], [1719, 24], [1720, 24], [1721, 24], [1722, 24], [1723, 24], [1724, 24], [1725, 24], [1726, 24], [1727, 24], [1728, 24], [1729, 24], [1730, 24], [1731, 24], [1732, 24], [1733, 24], [1734, 24], [1735, 24], [1736, 24], [1737, 24], [1738, 24], [1739, 24], [1740, 24], [1741, 24], [1742, 24], [1743, 24], [1744, 24], [1745, 24], [1746, 24], [1747, 24], [1748, 24], [1749, 24], [1750, 24], [1751, 24], [1752, 24], [1753, 24], [1754, 24], [1755, 24], [1756, 24], [1757, 24], [1758, 24], [1759, 24], [1760, 24], [1761, 24], [1762, 24], [1763, 24], [1764, 24], [1765, 24], [1766, 24], [1767, 24], [1768, 24], [1769, 24], [1770, 24], [1771, 24], [1772, 24], [1773, 24], [1774, 24], [1775, 24], [1776, 24], [1777, 24], [1778, 24], [1779, 24], [1780, 24], [1781, 24], [1782, 24], [1896, 24]]

numero min connessioni: lancio, numero-peer
[[1790, 22], [1790, 22], [1791, 22], [1793, 22], [1797, 22], [1803, 22], [1804, 22], [1811, 22], [1812, 22], [1813, 22], [1845, 22], [1902, 22], [1914, 22], [1957, 22], [1966, 22], [1967, 22], [1968, 22], [1969, 22], [1970, 22], [1971, 22], [1977, 22], [1978, 22], [1986, 22], [1989, 22], [1990, 22], [1991, 22], [1992, 22], [1999, 22], [2010, 22], [2011, 22], [2012, 22], [2017, 22], [2018, 22], [2020, 22], [2021, 22], [2023, 22], [2024, 22], [2035, 22], [2036, 22], [2037, 22], [2038, 22], [2039, 22], [2082, 22], [2087, 22], [2096, 22]]

+--------------------+-----------------+---------------------+-----------------+---------------------+---------------------+-----------------+
|     media peer     | min connessioni | nr. min connessioni | max connessioni | nr. max connessioni |       varianza      | peer conosciuti |
+--------------------+-----------------+---------------------+-----------------+---------------------+---------------------+-----------------+
| 23.767221972084645 |        22       |          45         |        24       |         1748        | 0.21821420962078444 |       196       |
+--------------------+-----------------+---------------------+-----------------+---------------------+---------------------+-----------------+

i nodi che si sono presentati con meno frequenza sono: 43
[" '134.209.254.216'", " '18.191.238.133'", " '46.101.177.93'", " '116.202.100.89'", " '116.203.191.63'", " '18.138.255.8'", " '88.99.167.175'", " '110.167.89.198'", " '132.68.60.222'", " '206.81.8.139'", " '162.218.65.24'", " '162.218.65.137'", " '162.218.65.63'", " '23.92.36.22'", " '162.218.65.78'", " '162.218.65.208'", " '162.218.65.33'", " '162.218.65.252'", " '162.218.65.55'", " '23.92.36.24'", " '162.218.65.141'", " '162.218.65.244'", " '162.218.65.51'", " '162.218.65.195'", " '162.218.65.218'", " '162.218.65.91'", " '23.92.36.53'", " '162.218.65.145'", " '162.218.65.187'", " '162.218.65.83'", " '162.218.65.130'", " '23.92.36.47'", " '162.218.65.18'", " '162.218.65.54'", " '54.234.190.149'", " '46.101.186.133'", " '188.165.205.78'", " '18.191.192.149'", " '159.69.41.62'", " '83.167.1.125'", " '116.202.97.138'", " '159.89.156.60'", " '52.82.94.59'"]

i nodi piu stabili sono : 14
["'47.244.129.27'", " '47.52.77.214'", " '128.199.89.12'", " '34.234.104.4'", " '83.164.131.243'", " '108.175.2.240'", " '188.65.213.21'", " '94.237.44.67'", " '129.13.189.200'", " '13.53.41.207'", " '129.13.189.202'", " '18.237.220.99'", " '176.9.86.146'", " '116.125.124.226'"]


 grafico della percentuale di connessione di ogni peer durante la monitorizzazione
####################################################################################
  1.000000  '47.244.129.27'        
  1.000000   '47.52.77.214'        
  1.000000   '128.199.89.12'       
  1.000000   '34.234.104.4'        
  1.000000   '83.164.131.243'      
              0.765871   '188.166.69.73'       
  1.000000   '108.175.2.240'       
  1.000000   '188.65.213.21'       
  1.000000   '94.237.44.67'        
                                                   0.013507   '88.98.225.214'       
  1.000000   '129.13.189.200'      
  1.000000   '13.53.41.207'        
             0.777127   '195.37.209.62'       
  1.000000   '129.13.189.202'      
  1.000000   '18.237.220.99'       
  1.000000   '176.9.86.146'        
  1.000000   '116.125.124.226'     
              0.771724   '88.99.167.186'       
            0.802341   '199.195.250.77'      
                                                 0.051778   '162.218.65.16'       
                                          0.196758   '162.218.65.41'       
                                          0.183701   '162.218.65.49'       
                        0.558757   '23.92.36.2'          
                                                   0.002251   '89.40.3.51'          
                                                   0.000450   '134.209.254.216'     
                                                 0.041423   '182.150.24.62'       
                                                   0.000450   '18.191.238.133'      
                                                   0.007654   '134.175.33.214'      
                                                   0.001801   '198.199.81.65'       
                                                   0.000450   '46.101.177.93'       
                                                   0.000450   '116.202.100.89'      
         0.864025   '47.244.110.27'       
                                                   0.000450   '116.203.191.63'      
                                                   0.000450   '18.138.255.8'        
                                                   0.000900   '3.15.5.142'          
                                                   0.000450   '88.99.167.175'       
             0.785232   '198.98.59.161'       
          0.842413   '131.114.2.151'       
                                                   0.005853   '75.72.61.139'        
                                              0.112112   '23.92.36.12'         
                                                   0.001801   '46.101.254.119'      
                                                   0.000450   '110.167.89.198'      
                                                   0.000450   '132.68.60.222'       
                                                 0.049527   '162.218.65.30'       
                                                  0.035570   '162.218.65.116'      
                                                  0.031968   '162.218.65.183'      
                                                   0.000450   '206.81.8.139'        
                                           0.176497   '59.110.63.71'        
                                                   0.000900   '162.218.65.168'      
                                                   0.012157   '162.218.65.97'       
                                                   0.009905   '162.218.65.75'       
                                                   0.005853   '162.218.65.72'       
                                                   0.008104   '162.218.65.114'      
                                                  0.022963   '162.218.65.201'      
                                                   0.018010   '162.218.65.36'       
                                                   0.015759   '162.218.65.62'       
                                                   0.003602   '162.218.65.170'      
                                                   0.007204   '162.218.65.31'       
                                                  0.021612   '23.92.36.13'         
                                                   0.006303   '23.92.36.42'         
                                                   0.017109   '162.218.65.13'       
                                                   0.008104   '162.218.65.27'       
                                                  0.028366   '162.218.65.65'       
                                                   0.004953   '162.218.65.148'      
                                                   0.002701   '162.218.65.232'      
                                                   0.004502   '162.218.65.132'      
                                            0.158937   '23.92.36.17'         
                                                0.067537   '162.218.65.19'       
                                                   0.000450   '162.218.65.24'       
                                                   0.000450   '162.218.65.137'      
                                                   0.002251   '23.92.36.45'         
                                                   0.000450   '162.218.65.63'       
                                                   0.004953   '162.218.65.235'      
                                                   0.000450   '23.92.36.22'         
                                                   0.010806   '23.92.36.54'         
                                                   0.002251   '162.218.65.224'      
                                                   0.002701   '162.218.65.234'      
                                                   0.013057   '162.218.65.25'       
                                                   0.009005   '162.218.65.191'      
                                                  0.038721   '162.218.65.251'      
                                                   0.000450   '162.218.65.78'       
                                                   0.004052   '23.92.36.34'         
                                                   0.000450   '162.218.65.208'      
                                                   0.000450   '162.218.65.33'       
                                                  0.025214   '162.218.65.66'       
                                                   0.010356   '23.92.36.52'         
                                                   0.007654   '23.92.36.60'         
                                                   0.000450   '162.218.65.252'      
                                            0.148582   '162.218.65.167'      
                                                  0.021612   '162.218.65.150'      
                                                  0.039622   '162.218.65.136'      
                                                  0.023863   '162.218.65.173'      
                                                  0.022062   '162.218.65.23'       
                                                  0.024313   '162.218.65.68'       
                                                   0.000450   '162.218.65.55'       
                                                  0.024313   '23.92.36.58'         
                                                   0.006303   '162.218.65.215'      
                                                   0.004502   '162.218.65.206'      
                                                   0.003152   '162.218.65.120'      
                                                   0.008555   '162.218.65.112'      
                                                   0.007654   '162.218.65.246'      
                                                   0.006303   '162.218.65.239'      
                                                   0.004953   '162.218.65.174'      
                                                   0.004502   '162.218.65.212'      
                                                   0.010356   '23.92.36.3'          
                                                  0.038271   '23.92.36.61'         
                                                   0.001801   '162.218.65.94'       
                                                   0.000450   '23.92.36.24'         
                                                   0.004052   '23.92.36.16'         
                                                   0.005403   '162.218.65.82'       
                                                   0.009905   '162.218.65.176'      
                                                   0.016209   '162.218.65.128'      
                                                   0.003152   '162.218.65.26'       
                                                   0.000450   '162.218.65.141'      
                                                   0.000900   '162.218.65.92'       
                                                   0.002701   '162.218.65.29'       
                                            0.155786   '162.218.65.152'      
                                                   0.009005   '162.218.65.89'       
                                                   0.000450   '162.218.65.244'      
                                                  0.025664   '162.218.65.159'      
                                                   0.018910   '162.218.65.129'      
                                                   0.000450   '162.218.65.51'       
                                                   0.011706   '162.218.65.110'      
                                                   0.000900   '162.218.65.186'      
                                           0.178298   '23.92.36.36'         
                                                   0.002251   '23.92.36.55'         
                                                   0.003602   '162.218.65.194'      
                                                   0.002701   '23.92.36.8'          
                                                   0.018460   '162.218.65.104'      
                                                   0.002251   '162.218.65.164'      
                                                   0.014858   '162.218.65.210'      
                                                   0.007204   '162.218.65.219'      
                                                   0.003602   '162.218.65.122'      
                                                   0.001801   '162.218.65.240'      
                                                   0.000450   '162.218.65.195'      
                                                   0.000450   '162.218.65.218'      
                                                   0.001801   '162.218.65.243'      
                                                   0.000450   '162.218.65.91'       
                                                   0.000450   '23.92.36.53'         
                                                   0.002251   '162.218.65.213'      
                                                   0.016659   '162.218.65.205'      
                                                   0.000450   '162.218.65.145'      
                                                0.072940   '23.92.36.31'         
                                                   0.011706   '162.218.65.241'      
                                            0.143179   '162.218.65.117'      
                                                   0.013958   '162.218.65.12'       
                                                  0.023413   '162.218.65.189'      
                                                  0.037821   '23.92.36.6'          
                                                   0.001801   '162.218.65.181'      
                                                   0.013507   '162.218.65.85'       
                                                   0.016659   '23.92.36.28'         
                                                   0.017109   '162.218.65.223'      
                                                   0.018010   '162.218.65.100'      
                                                   0.005403   '162.218.65.253'      
                                                   0.010806   '162.218.65.161'      
                                                   0.006303   '162.218.65.124'      
                                                   0.006303   '162.218.65.105'      
                                                   0.003152   '162.218.65.84'       
                                                   0.000450   '162.218.65.187'      
                                                   0.000450   '162.218.65.83'       
                                                  0.023863   '162.218.65.226'      
                                                   0.000450   '162.218.65.130'      
                                                   0.000450   '23.92.36.47'         
                                                   0.003602   '162.218.65.231'      
                                                   0.004953   '162.218.65.125'      
                                                  0.022062   '162.218.65.197'      
                                                 0.041423   '162.218.65.143'      
                                                 0.044575   '167.71.167.243'      
                                                  0.035119   '162.218.65.61'       
                                                   0.000450   '162.218.65.18'       
                                                   0.000450   '162.218.65.54'       
                                                   0.000900   '162.218.65.144'      
                                            0.143179   '162.218.65.192'      
                                                   0.012157   '199.187.211.105'     
                                       0.254390   '163.44.155.206'      
                                                   0.000450   '54.234.190.149'      
                                                   0.000900   '35.187.202.137'      
                                                   0.000450   '46.101.186.133'      
                                                   0.000900   '146.185.139.235'     
                                                   0.001801   '35.199.40.106'       
                                                   0.001351   '88.88.40.23'         
                                                   0.000450   '188.165.205.78'      
                                                   0.000450   '18.191.192.149'      
                                                   0.000900   '145.20.145.2'        
                                                   0.000450   '159.69.41.62'        
                                                   0.009455   '162.218.65.149'      
                                                   0.000450   '83.167.1.125'        
                                             0.122467   '185.198.58.47'       
                                                   0.000900   '222.173.82.42'       
                                                   0.000900   '49.14.48.86'         
                                                   0.000450   '116.202.97.138'      
                                                   0.000900   '134.209.254.206'     
                                                   0.000450   '159.89.156.60'       
                                                   0.001801   '104.199.192.149'     
                                                   0.000450   '52.82.94.59'         
                                                 0.060333   '176.212.168.10'      


 connessioni per ogni peer: 

{"'47.244.129.27'": 2221, " '47.52.77.214'": 2221, " '128.199.89.12'": 2221, " '34.234.104.4'": 2221, " '83.164.131.243'": 2221, " '188.166.69.73'": 1701, " '108.175.2.240'": 2221, " '188.65.213.21'": 2221, " '94.237.44.67'": 2221, " '88.98.225.214'": 30, " '129.13.189.200'": 2221, " '13.53.41.207'": 2221, " '195.37.209.62'": 1726, " '129.13.189.202'": 2221, " '18.237.220.99'": 2221, " '176.9.86.146'": 2221, " '116.125.124.226'": 2221, " '88.99.167.186'": 1714, " '199.195.250.77'": 1782, " '162.218.65.16'": 115, " '162.218.65.41'": 437, " '162.218.65.49'": 408, " '23.92.36.2'": 1241, " '89.40.3.51'": 5, " '134.209.254.216'": 1, " '182.150.24.62'": 92, " '18.191.238.133'": 1, " '134.175.33.214'": 17, " '198.199.81.65'": 4, " '46.101.177.93'": 1, " '116.202.100.89'": 1, " '47.244.110.27'": 1919, " '116.203.191.63'": 1, " '18.138.255.8'": 1, " '3.15.5.142'": 2, " '88.99.167.175'": 1, " '198.98.59.161'": 1744, " '131.114.2.151'": 1871, " '75.72.61.139'": 13, " '23.92.36.12'": 249, " '46.101.254.119'": 4, " '110.167.89.198'": 1, " '132.68.60.222'": 1, " '162.218.65.30'": 110, " '162.218.65.116'": 79, " '162.218.65.183'": 71, " '206.81.8.139'": 1, " '59.110.63.71'": 392, " '162.218.65.168'": 2, " '162.218.65.97'": 27, " '162.218.65.75'": 22, " '162.218.65.72'": 13, " '162.218.65.114'": 18, " '162.218.65.201'": 51, " '162.218.65.36'": 40, " '162.218.65.62'": 35, " '162.218.65.170'": 8, " '162.218.65.31'": 16, " '23.92.36.13'": 48, " '23.92.36.42'": 14, " '162.218.65.13'": 38, " '162.218.65.27'": 18, " '162.218.65.65'": 63, " '162.218.65.148'": 11, " '162.218.65.232'": 6, " '162.218.65.132'": 10, " '23.92.36.17'": 353, " '162.218.65.19'": 150, " '162.218.65.24'": 1, " '162.218.65.137'": 1, " '23.92.36.45'": 5, " '162.218.65.63'": 1, " '162.218.65.235'": 11, " '23.92.36.22'": 1, " '23.92.36.54'": 24, " '162.218.65.224'": 5, " '162.218.65.234'": 6, " '162.218.65.25'": 29, " '162.218.65.191'": 20, " '162.218.65.251'": 86, " '162.218.65.78'": 1, " '23.92.36.34'": 9, " '162.218.65.208'": 1, " '162.218.65.33'": 1, " '162.218.65.66'": 56, " '23.92.36.52'": 23, " '23.92.36.60'": 17, " '162.218.65.252'": 1, " '162.218.65.167'": 330, " '162.218.65.150'": 48, " '162.218.65.136'": 88, " '162.218.65.173'": 53, " '162.218.65.23'": 49, " '162.218.65.68'": 54, " '162.218.65.55'": 1, " '23.92.36.58'": 54, " '162.218.65.215'": 14, " '162.218.65.206'": 10, " '162.218.65.120'": 7, " '162.218.65.112'": 19, " '162.218.65.246'": 17, " '162.218.65.239'": 14, " '162.218.65.174'": 11, " '162.218.65.212'": 10, " '23.92.36.3'": 23, " '23.92.36.61'": 85, " '162.218.65.94'": 4, " '23.92.36.24'": 1, " '23.92.36.16'": 9, " '162.218.65.82'": 12, " '162.218.65.176'": 22, " '162.218.65.128'": 36, " '162.218.65.26'": 7, " '162.218.65.141'": 1, " '162.218.65.92'": 2, " '162.218.65.29'": 6, " '162.218.65.152'": 346, " '162.218.65.89'": 20, " '162.218.65.244'": 1, " '162.218.65.159'": 57, " '162.218.65.129'": 42, " '162.218.65.51'": 1, " '162.218.65.110'": 26, " '162.218.65.186'": 2, " '23.92.36.36'": 396, " '23.92.36.55'": 5, " '162.218.65.194'": 8, " '23.92.36.8'": 6, " '162.218.65.104'": 41, " '162.218.65.164'": 5, " '162.218.65.210'": 33, " '162.218.65.219'": 16, " '162.218.65.122'": 8, " '162.218.65.240'": 4, " '162.218.65.195'": 1, " '162.218.65.218'": 1, " '162.218.65.243'": 4, " '162.218.65.91'": 1, " '23.92.36.53'": 1, " '162.218.65.213'": 5, " '162.218.65.205'": 37, " '162.218.65.145'": 1, " '23.92.36.31'": 162, " '162.218.65.241'": 26, " '162.218.65.117'": 318, " '162.218.65.12'": 31, " '162.218.65.189'": 52, " '23.92.36.6'": 84, " '162.218.65.181'": 4, " '162.218.65.85'": 30, " '23.92.36.28'": 37, " '162.218.65.223'": 38, " '162.218.65.100'": 40, " '162.218.65.253'": 12, " '162.218.65.161'": 24, " '162.218.65.124'": 14, " '162.218.65.105'": 14, " '162.218.65.84'": 7, " '162.218.65.187'": 1, " '162.218.65.83'": 1, " '162.218.65.226'": 53, " '162.218.65.130'": 1, " '23.92.36.47'": 1, " '162.218.65.231'": 8, " '162.218.65.125'": 11, " '162.218.65.197'": 49, " '162.218.65.143'": 92, " '167.71.167.243'": 99, " '162.218.65.61'": 78, " '162.218.65.18'": 1, " '162.218.65.54'": 1, " '162.218.65.144'": 2, " '162.218.65.192'": 318, " '199.187.211.105'": 27, " '163.44.155.206'": 565, " '54.234.190.149'": 1, " '35.187.202.137'": 2, " '46.101.186.133'": 1, " '146.185.139.235'": 2, " '35.199.40.106'": 4, " '88.88.40.23'": 3, " '188.165.205.78'": 1, " '18.191.192.149'": 1, " '145.20.145.2'": 2, " '159.69.41.62'": 1, " '162.218.65.149'": 21, " '83.167.1.125'": 1, " '185.198.58.47'": 272, " '222.173.82.42'": 2, " '49.14.48.86'": 2, " '116.202.97.138'": 1, " '134.209.254.206'": 2, " '159.89.156.60'": 1, " '104.199.192.149'": 4, " '52.82.94.59'": 1, " '176.212.168.10'": 134}

+---------------------------+---------------------+------------------------+-----------------------+------------------+--------------+
| media di connessione peer |       varianza      |   % minima di conn.    | nr. nodi con % minima | nr. nodi stabili | nr. di lanci |
+---------------------------+---------------------+------------------------+-----------------------+------------------+--------------+
|     0.8787386634077321    | 0.08326839209299633 | 0.00045024763619990995 |           43          |        14        |     2221     |
+---------------------------+---------------------+------------------------+-----------------------+------------------+--------------+